-----------------------------------------------------

><> Run  SMA_Natl completed in 0 min and 26 sec <><
-----------------------------------------------------

><>><>><>><>><>><>><>><>><>><>><>><>><>><>
><> Input SMA_Natl relative <><
><>><>><>><>><>><>><>><>><>><>><>><>><>><>

$assessment
[1] SMA_Natl
7 Levels: Afr_penguin BSH_SAtl Cape_gannet ... StripedMarlin.IOTC

$abundance
[1] relative
Levels: census relative

$generation.time
[1] 20

$K.penalty
[1] FALSE

$sigma.obs.est
[1] TRUE

$sigma.obs.add
[1] 0.1

$sigma.proc.fixed
[1] FALSE

$prjr.type
[1] all
Levels: all

$proj.stoch
[1] FALSE

$start.year
[1] 1986

$end.year
[1] 2015


><>><>><>><>><>><>><>><>><>><>><>><>><>><>
><> Parameter Estimates SMA_Natl relative <><
><>><>><>><>><>><>><>><>><>><>><>><>><>><>

       Median    LCI   UCI Geweke.p Heidelberger.p
mean.r -0.023 -0.068 0.016    0.206          0.460
sigma   0.116  0.079 0.174    0.700          0.622

><>><>><>><>><>><>><>><>><>><>><>><>><>><>
><> JAGS output SMA_Natl relative <><
><>><>><>><>><>><>><>><>><>><>><>><>><>><>

Inference for Bugs model at "C:/Work/Research/Github/JARA//SMA_Natl/output1/jara.jags", fit using jags,
 2 chains, each with 12000 iterations (first 1000 discarded), n.thin = 2
 n.sims = 11000 iterations saved
          mu.vect sd.vect    2.5%     25%     50%     75%
Ntot[1]     1.109   0.147   0.844   1.007   1.100   1.204
Ntot[2]     1.058   0.117   0.849   0.976   1.051   1.132
Ntot[3]     0.972   0.100   0.790   0.903   0.967   1.035
Ntot[4]     0.909   0.088   0.746   0.849   0.905   0.966
Ntot[5]     0.797   0.071   0.667   0.747   0.794   0.844
Ntot[6]     0.752   0.065   0.629   0.709   0.752   0.795
Ntot[7]     0.780   0.068   0.657   0.733   0.777   0.822
Ntot[8]     0.748   0.063   0.634   0.704   0.744   0.788
Ntot[9]     0.708   0.055   0.606   0.671   0.707   0.744
Ntot[10]    0.626   0.047   0.540   0.593   0.624   0.657
Ntot[11]    0.592   0.045   0.509   0.561   0.589   0.620
Ntot[12]    0.525   0.039   0.451   0.499   0.524   0.551
Ntot[13]    0.488   0.037   0.419   0.462   0.486   0.511
Ntot[14]    0.463   0.035   0.398   0.440   0.461   0.486
Ntot[15]    0.479   0.035   0.414   0.454   0.477   0.501
Ntot[16]    0.529   0.038   0.456   0.502   0.528   0.554
Ntot[17]    0.593   0.044   0.510   0.563   0.591   0.622
Ntot[18]    0.633   0.047   0.546   0.601   0.632   0.663
Ntot[19]    0.641   0.047   0.553   0.609   0.639   0.671
Ntot[20]    0.649   0.048   0.557   0.616   0.648   0.679
Ntot[21]    0.708   0.052   0.611   0.672   0.706   0.742
Ntot[22]    0.786   0.057   0.680   0.747   0.784   0.822
Ntot[23]    0.825   0.062   0.711   0.782   0.821   0.865
Ntot[24]    0.873   0.067   0.753   0.827   0.870   0.916
Ntot[25]    0.818   0.061   0.706   0.776   0.815   0.857
Ntot[26]    0.688   0.050   0.594   0.654   0.686   0.721
Ntot[27]    0.627   0.046   0.540   0.596   0.626   0.657
Ntot[28]    0.569   0.043   0.489   0.540   0.568   0.596
Ntot[29]    0.575   0.044   0.494   0.546   0.574   0.604
Ntot[30]    0.503   0.043   0.423   0.474   0.502   0.531
Ntot[31]    0.490   0.043   0.409   0.460   0.489   0.518
Ntot[32]    0.477   0.044   0.394   0.447   0.475   0.506
Ntot[33]    0.464   0.044   0.381   0.434   0.463   0.493
Ntot[34]    0.452   0.045   0.368   0.421   0.450   0.482
Ntot[35]    0.440   0.046   0.355   0.409   0.438   0.470
Ntot[36]    0.429   0.046   0.343   0.397   0.427   0.459
Ntot[37]    0.417   0.047   0.331   0.385   0.415   0.447
Ntot[38]    0.406   0.047   0.319   0.374   0.404   0.436
Ntot[39]    0.396   0.048   0.308   0.363   0.393   0.426
Ntot[40]    0.385   0.048   0.297   0.352   0.383   0.416
Ntot[41]    0.375   0.049   0.286   0.341   0.373   0.406
Ntot[42]    0.365   0.049   0.276   0.331   0.363   0.396
Ntot[43]    0.356   0.050   0.266   0.321   0.353   0.387
Ntot[44]    0.346   0.050   0.256   0.312   0.344   0.378
Ntot[45]    0.337   0.051   0.247   0.302   0.334   0.369
Ntot[46]    0.328   0.051   0.238   0.293   0.325   0.360
Ntot[47]    0.320   0.051   0.229   0.284   0.317   0.351
Ntot[48]    0.312   0.052   0.221   0.276   0.308   0.343
Ntot[49]    0.303   0.052   0.213   0.268   0.300   0.335
Ntot[50]    0.296   0.052   0.205   0.260   0.292   0.327
Ntot[51]    0.288   0.052   0.197   0.252   0.284   0.320
Ntot[52]    0.280   0.052   0.190   0.244   0.276   0.312
Ntot[53]    0.273   0.052   0.183   0.237   0.269   0.305
Ntot[54]    0.266   0.052   0.176   0.230   0.262   0.298
Ntot[55]    0.259   0.052   0.169   0.223   0.255   0.291
Ntot[56]    0.253   0.052   0.163   0.216   0.248   0.284
Ntot[57]    0.246   0.052   0.157   0.209   0.241   0.277
Ntot[58]    0.240   0.052   0.151   0.203   0.235   0.271
Ntot[59]    0.234   0.052   0.145   0.197   0.229   0.265
Ntot[60]    0.228   0.052   0.140   0.191   0.223   0.258
Ntot[61]    0.222   0.052   0.135   0.185   0.217   0.252
Ntot[62]    0.216   0.052   0.130   0.179   0.211   0.247
Y.est[1]    1.109   0.147   0.844   1.007   1.100   1.204
Y.est[2]    1.058   0.117   0.849   0.976   1.051   1.132
Y.est[3]    0.972   0.100   0.790   0.903   0.967   1.035
Y.est[4]    0.909   0.088   0.746   0.849   0.905   0.966
Y.est[5]    0.797   0.071   0.667   0.747   0.794   0.844
Y.est[6]    0.752   0.065   0.629   0.709   0.752   0.795
Y.est[7]    0.780   0.068   0.657   0.733   0.777   0.822
Y.est[8]    0.748   0.063   0.634   0.704   0.744   0.788
Y.est[9]    0.708   0.055   0.606   0.671   0.707   0.744
Y.est[10]   0.626   0.047   0.540   0.593   0.624   0.657
Y.est[11]   0.592   0.045   0.509   0.561   0.589   0.620
Y.est[12]   0.525   0.039   0.451   0.499   0.524   0.551
Y.est[13]   0.488   0.037   0.419   0.462   0.486   0.511
Y.est[14]   0.463   0.035   0.398   0.440   0.461   0.486
Y.est[15]   0.479   0.035   0.414   0.454   0.477   0.501
Y.est[16]   0.529   0.038   0.456   0.502   0.528   0.554
Y.est[17]   0.593   0.044   0.510   0.563   0.591   0.622
Y.est[18]   0.633   0.047   0.546   0.601   0.632   0.663
Y.est[19]   0.641   0.047   0.553   0.609   0.639   0.671
Y.est[20]   0.649   0.048   0.557   0.616   0.648   0.679
Y.est[21]   0.708   0.052   0.611   0.672   0.706   0.742
Y.est[22]   0.786   0.057   0.680   0.747   0.784   0.822
Y.est[23]   0.825   0.062   0.711   0.782   0.821   0.865
Y.est[24]   0.873   0.067   0.753   0.827   0.870   0.916
Y.est[25]   0.818   0.061   0.706   0.776   0.815   0.857
Y.est[26]   0.688   0.050   0.594   0.654   0.686   0.721
Y.est[27]   0.627   0.046   0.540   0.596   0.626   0.657
Y.est[28]   0.569   0.043   0.489   0.540   0.568   0.596
Y.est[29]   0.575   0.044   0.494   0.546   0.574   0.604
Y.est[30]   0.503   0.043   0.423   0.474   0.502   0.531
Y.est[31]   0.490   0.043   0.409   0.460   0.489   0.518
Y.est[32]   0.477   0.044   0.394   0.447   0.475   0.506
Y.est[33]   0.464   0.044   0.381   0.434   0.463   0.493
Y.est[34]   0.452   0.045   0.368   0.421   0.450   0.482
Y.est[35]   0.440   0.046   0.355   0.409   0.438   0.470
Y.est[36]   0.429   0.046   0.343   0.397   0.427   0.459
Y.est[37]   0.417   0.047   0.331   0.385   0.415   0.447
Y.est[38]   0.406   0.047   0.319   0.374   0.404   0.436
Y.est[39]   0.396   0.048   0.308   0.363   0.393   0.426
Y.est[40]   0.385   0.048   0.297   0.352   0.383   0.416
Y.est[41]   0.375   0.049   0.286   0.341   0.373   0.406
Y.est[42]   0.365   0.049   0.276   0.331   0.363   0.396
Y.est[43]   0.356   0.050   0.266   0.321   0.353   0.387
Y.est[44]   0.346   0.050   0.256   0.312   0.344   0.378
Y.est[45]   0.337   0.051   0.247   0.302   0.334   0.369
Y.est[46]   0.328   0.051   0.238   0.293   0.325   0.360
Y.est[47]   0.320   0.051   0.229   0.284   0.317   0.351
Y.est[48]   0.312   0.052   0.221   0.276   0.308   0.343
Y.est[49]   0.303   0.052   0.213   0.268   0.300   0.335
Y.est[50]   0.296   0.052   0.205   0.260   0.292   0.327
Y.est[51]   0.288   0.052   0.197   0.252   0.284   0.320
Y.est[52]   0.280   0.052   0.190   0.244   0.276   0.312
Y.est[53]   0.273   0.052   0.183   0.237   0.269   0.305
Y.est[54]   0.266   0.052   0.176   0.230   0.262   0.298
Y.est[55]   0.259   0.052   0.169   0.223   0.255   0.291
Y.est[56]   0.253   0.052   0.163   0.216   0.248   0.284
Y.est[57]   0.246   0.052   0.157   0.209   0.241   0.277
Y.est[58]   0.240   0.052   0.151   0.203   0.235   0.271
Y.est[59]   0.234   0.052   0.145   0.197   0.229   0.265
Y.est[60]   0.228   0.052   0.140   0.191   0.223   0.258
Y.est[61]   0.222   0.052   0.135   0.185   0.217   0.252
Y.est[62]   0.216   0.052   0.130   0.179   0.211   0.247
mean.r     -0.024   0.021  -0.068  -0.038  -0.023  -0.010
q[1]        1.001   0.032   0.940   0.980   1.001   1.022
q[2]        0.195   0.010   0.176   0.188   0.195   0.202
q[3]       46.788   3.051  40.954  44.699  46.659  48.787
q[4]       65.412   3.079  59.514  63.318  65.379  67.439
r[1]       -0.045   0.108  -0.255  -0.117  -0.046   0.026
r[2]       -0.084   0.104  -0.293  -0.151  -0.082  -0.016
r[3]       -0.066   0.098  -0.255  -0.130  -0.067  -0.003
r[4]       -0.131   0.098  -0.326  -0.191  -0.130  -0.069
r[5]       -0.057   0.093  -0.246  -0.118  -0.057   0.004
r[6]        0.036   0.100  -0.145  -0.029   0.029   0.096
r[7]       -0.042   0.089  -0.219  -0.101  -0.042   0.016
r[8]       -0.054   0.088  -0.231  -0.111  -0.051   0.005
r[9]       -0.124   0.086  -0.295  -0.181  -0.123  -0.065
r[10]      -0.056   0.080  -0.210  -0.111  -0.058  -0.002
r[11]      -0.119   0.082  -0.288  -0.171  -0.118  -0.064
r[12]      -0.074   0.080  -0.233  -0.127  -0.075  -0.021
r[13]      -0.051   0.078  -0.206  -0.103  -0.051   0.000
r[14]       0.033   0.078  -0.122  -0.019   0.031   0.083
r[15]       0.099   0.079  -0.053   0.046   0.098   0.151
r[16]       0.115   0.080  -0.046   0.062   0.116   0.168
r[17]       0.066   0.079  -0.091   0.014   0.065   0.119
r[18]       0.012   0.079  -0.146  -0.040   0.013   0.064
r[19]       0.012   0.078  -0.144  -0.040   0.013   0.063
r[20]       0.087   0.078  -0.060   0.034   0.085   0.139
r[21]       0.105   0.079  -0.047   0.051   0.103   0.159
r[22]       0.048   0.079  -0.109  -0.004   0.048   0.100
r[23]       0.057   0.082  -0.103   0.001   0.056   0.110
r[24]      -0.065   0.079  -0.218  -0.117  -0.066  -0.013
r[25]      -0.173   0.083  -0.343  -0.227  -0.170  -0.116
r[26]      -0.093   0.079  -0.247  -0.146  -0.094  -0.040
r[27]      -0.098   0.079  -0.255  -0.151  -0.098  -0.045
r[28]       0.012   0.082  -0.147  -0.044   0.010   0.065
r[29]      -0.134   0.087  -0.311  -0.190  -0.133  -0.076
r[30]      -0.027   0.006  -0.039  -0.031  -0.027  -0.023
r[31]      -0.027   0.006  -0.039  -0.031  -0.027  -0.023
r[32]      -0.027   0.006  -0.039  -0.031  -0.027  -0.023
r[33]      -0.027   0.006  -0.039  -0.031  -0.027  -0.023
r[34]      -0.027   0.006  -0.039  -0.031  -0.027  -0.023
r[35]      -0.027   0.006  -0.039  -0.031  -0.027  -0.023
r[36]      -0.027   0.006  -0.039  -0.031  -0.027  -0.023
r[37]      -0.027   0.006  -0.039  -0.031  -0.027  -0.023
r[38]      -0.027   0.006  -0.039  -0.031  -0.027  -0.023
r[39]      -0.027   0.006  -0.039  -0.031  -0.027  -0.023
r[40]      -0.027   0.006  -0.039  -0.031  -0.027  -0.023
r[41]      -0.027   0.006  -0.039  -0.031  -0.027  -0.023
r[42]      -0.027   0.006  -0.039  -0.031  -0.027  -0.023
r[43]      -0.027   0.006  -0.039  -0.031  -0.027  -0.023
r[44]      -0.027   0.006  -0.039  -0.031  -0.027  -0.023
r[45]      -0.027   0.006  -0.039  -0.031  -0.027  -0.023
r[46]      -0.027   0.006  -0.039  -0.031  -0.027  -0.023
r[47]      -0.027   0.006  -0.039  -0.031  -0.027  -0.023
r[48]      -0.027   0.006  -0.039  -0.031  -0.027  -0.023
r[49]      -0.027   0.006  -0.039  -0.031  -0.027  -0.023
r[50]      -0.027   0.006  -0.039  -0.031  -0.027  -0.023
r[51]      -0.027   0.006  -0.039  -0.031  -0.027  -0.023
r[52]      -0.027   0.006  -0.039  -0.031  -0.027  -0.023
r[53]      -0.027   0.006  -0.039  -0.031  -0.027  -0.023
r[54]      -0.027   0.006  -0.039  -0.031  -0.027  -0.023
r[55]      -0.027   0.006  -0.039  -0.031  -0.027  -0.023
r[56]      -0.027   0.006  -0.039  -0.031  -0.027  -0.023
r[57]      -0.027   0.006  -0.039  -0.031  -0.027  -0.023
r[58]      -0.027   0.006  -0.039  -0.031  -0.027  -0.023
r[59]      -0.027   0.006  -0.039  -0.031  -0.027  -0.023
r[60]      -0.027   0.006  -0.039  -0.031  -0.027  -0.023
r[61]      -0.027   0.006  -0.039  -0.031  -0.027  -0.023
r[62]      -0.027   0.006  -0.039  -0.031  -0.027  -0.023
r.proj     -0.027   0.006  -0.039  -0.031  -0.027  -0.023
sigma       0.120   0.025   0.079   0.102   0.116   0.134
deviance  -55.038   7.195 -67.550 -60.159 -55.552 -50.605
            97.5%  Rhat n.eff
Ntot[1]     1.421 1.002  1700
Ntot[2]     1.304 1.002  2100
Ntot[3]     1.184 1.007   260
Ntot[4]     1.094 1.002  1400
Ntot[5]     0.943 1.005   400
Ntot[6]     0.883 1.001  4400
Ntot[7]     0.922 1.001 11000
Ntot[8]     0.880 1.002  2400
Ntot[9]     0.821 1.001  4600
Ntot[10]    0.723 1.001  3800
Ntot[11]    0.686 1.010   180
Ntot[12]    0.607 1.002  2200
Ntot[13]    0.566 1.001  2800
Ntot[14]    0.536 1.002  1200
Ntot[15]    0.551 1.001 11000
Ntot[16]    0.605 1.001  4600
Ntot[17]    0.684 1.001 11000
Ntot[18]    0.731 1.001  6800
Ntot[19]    0.739 1.001  3200
Ntot[20]    0.746 1.001  4800
Ntot[21]    0.812 1.001 11000
Ntot[22]    0.904 1.002  1100
Ntot[23]    0.957 1.001  3200
Ntot[24]    1.011 1.001 11000
Ntot[25]    0.946 1.001 11000
Ntot[26]    0.791 1.001  6000
Ntot[27]    0.719 1.001  7600
Ntot[28]    0.657 1.002  1800
Ntot[29]    0.664 1.001 11000
Ntot[30]    0.591 1.002  1800
Ntot[31]    0.579 1.002  1700
Ntot[32]    0.568 1.002  1500
Ntot[33]    0.557 1.002  1400
Ntot[34]    0.546 1.002  1400
Ntot[35]    0.536 1.002  1300
Ntot[36]    0.526 1.002  1300
Ntot[37]    0.516 1.002  1200
Ntot[38]    0.506 1.002  1200
Ntot[39]    0.497 1.002  1200
Ntot[40]    0.488 1.002  1200
Ntot[41]    0.479 1.002  1100
Ntot[42]    0.471 1.002  1100
Ntot[43]    0.462 1.002  1100
Ntot[44]    0.454 1.002  1100
Ntot[45]    0.446 1.002  1100
Ntot[46]    0.438 1.002  1100
Ntot[47]    0.431 1.002  1100
Ntot[48]    0.424 1.002  1100
Ntot[49]    0.416 1.002  1100
Ntot[50]    0.409 1.002  1000
Ntot[51]    0.402 1.002  1000
Ntot[52]    0.395 1.002  1000
Ntot[53]    0.389 1.002  1000
Ntot[54]    0.382 1.002  1000
Ntot[55]    0.375 1.002  1000
Ntot[56]    0.368 1.002  1000
Ntot[57]    0.362 1.002  1000
Ntot[58]    0.356 1.002  1000
Ntot[59]    0.350 1.002  1000
Ntot[60]    0.345 1.002  1000
Ntot[61]    0.339 1.002  1000
Ntot[62]    0.333 1.002  1000
Y.est[1]    1.421 1.002  1700
Y.est[2]    1.304 1.002  2100
Y.est[3]    1.184 1.007   260
Y.est[4]    1.094 1.002  1400
Y.est[5]    0.943 1.005   400
Y.est[6]    0.883 1.001  4400
Y.est[7]    0.922 1.001 11000
Y.est[8]    0.880 1.002  2400
Y.est[9]    0.821 1.001  4600
Y.est[10]   0.723 1.001  3800
Y.est[11]   0.686 1.010   180
Y.est[12]   0.607 1.002  2200
Y.est[13]   0.566 1.001  2800
Y.est[14]   0.536 1.002  1200
Y.est[15]   0.551 1.001 11000
Y.est[16]   0.605 1.001  4600
Y.est[17]   0.684 1.001 11000
Y.est[18]   0.731 1.001  6800
Y.est[19]   0.739 1.001  3200
Y.est[20]   0.746 1.001  4800
Y.est[21]   0.812 1.001 11000
Y.est[22]   0.904 1.002  1100
Y.est[23]   0.957 1.001  3200
Y.est[24]   1.011 1.001 11000
Y.est[25]   0.946 1.001 11000
Y.est[26]   0.791 1.001  6000
Y.est[27]   0.719 1.001  7600
Y.est[28]   0.657 1.002  1800
Y.est[29]   0.664 1.001 11000
Y.est[30]   0.591 1.002  1800
Y.est[31]   0.579 1.002  1700
Y.est[32]   0.568 1.002  1500
Y.est[33]   0.557 1.002  1400
Y.est[34]   0.546 1.002  1400
Y.est[35]   0.536 1.002  1300
Y.est[36]   0.526 1.002  1300
Y.est[37]   0.516 1.002  1200
Y.est[38]   0.506 1.002  1200
Y.est[39]   0.497 1.002  1200
Y.est[40]   0.488 1.002  1200
Y.est[41]   0.479 1.002  1100
Y.est[42]   0.471 1.002  1100
Y.est[43]   0.462 1.002  1100
Y.est[44]   0.454 1.002  1100
Y.est[45]   0.446 1.002  1100
Y.est[46]   0.438 1.002  1100
Y.est[47]   0.431 1.002  1100
Y.est[48]   0.424 1.002  1100
Y.est[49]   0.416 1.002  1100
Y.est[50]   0.409 1.002  1000
Y.est[51]   0.402 1.002  1000
Y.est[52]   0.395 1.002  1000
Y.est[53]   0.389 1.002  1000
Y.est[54]   0.382 1.002  1000
Y.est[55]   0.375 1.002  1000
Y.est[56]   0.368 1.002  1000
Y.est[57]   0.362 1.002  1000
Y.est[58]   0.356 1.002  1000
Y.est[59]   0.350 1.002  1000
Y.est[60]   0.345 1.002  1000
Y.est[61]   0.339 1.002  1000
Y.est[62]   0.333 1.002  1000
mean.r      0.016 1.023 11000
q[1]        1.065 1.001 11000
q[2]        0.215 1.002  1100
q[3]       53.081 1.002  1700
q[4]       71.583 1.003   690
r[1]        0.175 1.001 11000
r[2]        0.118 1.005   680
r[3]        0.132 1.003   660
r[4]        0.064 1.009   190
r[5]        0.127 1.007   260
r[6]        0.249 1.005 11000
r[7]        0.136 1.002  1200
r[8]        0.114 1.001 11000
r[9]        0.045 1.001 11000
r[10]       0.105 1.006   320
r[11]       0.041 1.005   400
r[12]       0.085 1.003   710
r[13]       0.102 1.004   480
r[14]       0.191 1.002  1100
r[15]       0.259 1.001  3500
r[16]       0.274 1.001  8000
r[17]       0.224 1.001 11000
r[18]       0.165 1.001 11000
r[19]       0.162 1.001 11000
r[20]       0.247 1.001 11000
r[21]       0.260 1.002  2500
r[22]       0.206 1.001  8300
r[23]       0.222 1.001  2600
r[24]       0.091 1.001 11000
r[25]      -0.015 1.001  4400
r[26]       0.063 1.001 11000
r[27]       0.057 1.001  7600
r[28]       0.179 1.001  4900
r[29]       0.031 1.001  3700
r[30]      -0.016 1.002  1100
r[31]      -0.016 1.002  1100
r[32]      -0.016 1.002  1100
r[33]      -0.016 1.002  1100
r[34]      -0.016 1.002  1100
r[35]      -0.016 1.002  1100
r[36]      -0.016 1.002  1100
r[37]      -0.016 1.002  1100
r[38]      -0.016 1.002  1100
r[39]      -0.016 1.002  1100
r[40]      -0.016 1.002  1100
r[41]      -0.016 1.002  1100
r[42]      -0.016 1.002  1100
r[43]      -0.016 1.002  1100
r[44]      -0.016 1.002  1100
r[45]      -0.016 1.002  1100
r[46]      -0.016 1.002  1100
r[47]      -0.016 1.002  1100
r[48]      -0.016 1.002  1100
r[49]      -0.016 1.002  1100
r[50]      -0.016 1.002  1100
r[51]      -0.016 1.002  1100
r[52]      -0.016 1.002  1100
r[53]      -0.016 1.002  1100
r[54]      -0.016 1.002  1100
r[55]      -0.016 1.002  1100
r[56]      -0.016 1.002  1100
r[57]      -0.016 1.002  1100
r[58]      -0.016 1.002  1100
r[59]      -0.016 1.002  1100
r[60]      -0.016 1.002  1100
r[61]      -0.016 1.002  1100
r[62]      -0.016 1.002  1100
r.proj     -0.016 1.002  1100
sigma       0.174 1.004   570
deviance  -39.394 1.001 11000

For each parameter, n.eff is a crude measure of effective sample size,
and Rhat is the potential scale reduction factor (at convergence, Rhat=1).

DIC info (using the rule, pD = var(deviance)/2)
pD = 25.9 and DIC = -29.2
DIC is an estimate of expected predictive error (lower deviance is better).
