-----------------------------------------------------

><> Run  Afr_penguin completed in 0 min and 46 sec <><
-----------------------------------------------------

><>><>><>><>><>><>><>><>><>><>><>><>><>><>
><> Input Afr_penguin census <><
><>><>><>><>><>><>><>><>><>><>><>><>><>><>

$assessment
[1] Afr_penguin
7 Levels: Afr_penguin BSH_SAtl Cape_gannet ... StripedMarlin.IOTC

$abundance
[1] census
Levels: census relative

$generation.time
[1] 9.9

$K.penalty
[1] FALSE

$sigma.obs.est
[1] TRUE

$sigma.obs.add
[1] 0.1

$sigma.proc.fixed
[1] FALSE

$prjr.type
[1] all
Levels: all

$proj.stoch
[1] FALSE

$start.year
[1] 1979

$end.year
[1] 2017


><>><>><>><>><>><>><>><>><>><>><>><>><>><>
><> Parameter Estimates Afr_penguin census <><
><>><>><>><>><>><>><>><>><>><>><>><>><>><>

          Median    LCI   UCI Geweke.p Heidelberger.p
mean.r.1   0.003 -0.100 0.107    0.316          0.073
mean.r.2   0.192  0.087 0.300    0.017          0.249
mean.r.3   0.220  0.114 0.328    0.136          0.118
mean.r.4   0.259  0.154 0.367    0.044          0.077
mean.r.5  -0.030 -0.134 0.075    0.752          0.383
mean.r.6   0.031 -0.072 0.136    0.755          0.964
mean.r.7   0.090 -0.014 0.196    0.149          0.800
mean.r.8   0.077 -0.031 0.186    0.268          0.377
mean.r.9   0.041 -0.068 0.151    0.959          0.354
mean.r.10  0.081 -0.028 0.193    0.070          0.360
mean.r.11  0.090 -0.018 0.201    0.393          0.333
sigma      0.325  0.298 0.355    0.984          0.829

><>><>><>><>><>><>><>><>><>><>><>><>><>><>
><> JAGS output Afr_penguin census <><
><>><>><>><>><>><>><>><>><>><>><>><>><>><>

Inference for Bugs model at "C:/Work/Research/Github/JARA//Afr_penguin/output1/jara.jags", fit using jags,
 2 chains, each with 6000 iterations (first 1000 discarded)
 n.sims = 10000 iterations saved
               mu.vect   sd.vect      2.5%       25%
N.est[1,1]   12599.889  1381.785 10048.952 11647.736
N.est[2,1]   11654.694  3890.949  5930.363  8926.277
N.est[3,1]   10683.026  4568.462  4308.280  7457.509
N.est[4,1]    9681.844  4584.526  3566.131  6487.042
N.est[5,1]    8658.907  4263.689  3081.744  5686.275
N.est[6,1]    7579.578  3657.588  2792.622  5012.411
N.est[7,1]    6645.671  2894.571  2720.372  4597.827
N.est[8,1]    5689.474  1877.085  2863.982  4350.585
N.est[9,1]    4836.233   537.076  3877.256  4459.840
N.est[10,1]   6430.600  1568.127  3869.997  5302.171
N.est[11,1]   8240.408   878.390  6610.187  7632.340
N.est[12,1]   8747.661  2168.374  5299.884  7201.179
N.est[13,1]   8870.557   924.948  7204.411  8230.301
N.est[14,1]   7707.994   799.321  6252.748  7148.648
N.est[15,1]   7460.895   762.962  6076.254  6922.004
N.est[16,1]   9244.112   944.915  7548.637  8588.424
N.est[17,1]   9757.408  1008.126  7910.149  9057.486
N.est[18,1]   9534.268   978.850  7750.927  8850.928
N.est[19,1]   8987.544   913.482  7343.555  8358.186
N.est[20,1]  11079.945  1131.705  9044.235 10292.950
N.est[21,1]  14954.302  1528.595 12180.692 13888.293
N.est[22,1]  17264.920  1786.534 14004.323 16037.246
N.est[23,1]  21133.007  2182.778 17101.838 19652.225
N.est[24,1]  22447.606  2349.707 18246.896 20808.509
N.est[25,1]  20873.246  2171.253 16993.772 19346.604
N.est[26,1]  24275.989  2488.333 19761.301 22544.151
N.est[27,1]  21818.363  2252.998 17801.143 20224.206
N.est[28,1]  13768.940  1422.922 11177.297 12804.947
N.est[29,1]  11268.931  1144.662  9173.792 10483.195
N.est[30,1]   6083.493   630.031  4960.189  5636.789
N.est[31,1]   5228.356   539.298  4261.251  4852.545
N.est[32,1]   4866.321   501.689  3959.782  4522.191
N.est[33,1]   3877.539   400.029  3150.561  3602.424
N.est[34,1]   2779.057   285.150  2268.592  2577.568
N.est[35,1]   2597.785   264.542  2111.896  2413.590
N.est[36,1]   2092.989   214.015  1708.993  1944.711
N.est[37,1]   2125.113   217.360  1733.166  1975.957
N.est[38,1]   1897.347   194.231  1545.101  1762.233
N.est[39,1]   1920.033   208.771  1543.042  1771.571
N.est[40,1]   1827.858   204.159  1460.743  1682.581
N.est[1,2]       8.283     3.561     3.378     5.812
N.est[2,2]       8.895     3.921     3.549     6.128
N.est[3,2]       9.400     3.845     4.069     6.651
N.est[4,2]       9.774     3.158     5.063     7.560
N.est[5,2]      10.039     1.087     8.089     9.277
N.est[6,2]      25.374     2.664    20.612    23.525
N.est[7,2]      97.484     9.985    79.002    90.559
N.est[8,2]     225.546    22.814   183.891   209.633
N.est[9,2]     467.531    48.118   379.909   434.299
N.est[10,2]    807.480    83.692   654.849   749.894
N.est[11,2]    865.648    90.879   703.206   801.332
N.est[12,2]   1279.766   132.030  1039.068  1186.684
N.est[13,2]   1831.168   186.743  1490.018  1702.394
N.est[14,2]   2032.010   209.376  1648.304  1887.502
N.est[15,2]   2218.382   227.000  1799.931  2060.652
N.est[16,2]   2713.234   277.759  2210.165  2520.693
N.est[17,2]   2396.739   250.166  1947.254  2221.368
N.est[18,2]   3058.310   309.969  2492.105  2843.714
N.est[19,2]   3343.844   345.665  2720.930  3105.767
N.est[20,2]   3550.182   365.027  2888.996  3298.698
N.est[21,2]   4416.396   453.066  3593.612  4101.799
N.est[22,2]   5409.860   549.658  4405.478  5029.535
N.est[23,2]   6390.168   652.683  5218.371  5936.089
N.est[24,2]   6950.974   716.014  5664.850  6449.447
N.est[25,2]   6238.767   643.899  5076.760  5789.050
N.est[26,2]   7593.565   776.171  6172.579  7057.125
N.est[27,2]   7112.252   725.765  5789.666  6610.831
N.est[28,2]   5989.616   610.446  4871.765  5574.492
N.est[29,2]   5763.855   594.190  4672.421  5354.112
N.est[30,2]   4156.292   419.097  3395.227  3860.755
N.est[31,2]   2568.420   262.896  2089.855  2385.557
N.est[32,2]   2546.328   258.391  2070.859  2369.188
N.est[33,2]   1868.347   191.602  1520.966  1737.772
N.est[34,2]   1659.921   169.716  1351.314  1542.676
N.est[35,2]   1363.649   139.593  1108.734  1266.604
N.est[36,2]   1069.913   111.133   869.841   993.036
N.est[37,2]   1218.725   124.783   993.877  1132.138
N.est[38,2]   1354.635   137.788  1107.113  1257.983
N.est[39,2]   1460.655   158.391  1169.140  1350.343
N.est[40,2]   1677.720   187.813  1333.986  1546.661
N.est[1,3]       1.688     0.765     0.655     1.143
N.est[2,3]       1.810     0.890     0.653     1.185
N.est[3,3]       1.923     0.957     0.681     1.259
N.est[4,3]       2.028     0.983     0.743     1.341
N.est[5,3]       2.105     0.911     0.859     1.462
N.est[6,3]       2.147     0.714     1.074     1.634
N.est[7,3]       2.158     0.238     1.738     1.992
N.est[8,3]       4.182     1.031     2.502     3.461
N.est[9,3]       7.668     0.820     6.203     7.094
N.est[10,3]     29.884     3.077    24.269    27.770
N.est[11,3]     38.694     3.967    31.629    35.958
N.est[12,3]     57.000     5.900    46.473    52.863
N.est[13,3]    124.213    12.773   101.091   115.397
N.est[14,3]    161.529    16.603   131.519   149.938
N.est[15,3]    240.850    25.020   196.574   223.189
N.est[16,3]    348.198    35.691   283.293   323.862
N.est[17,3]    371.768    38.182   302.958   345.100
N.est[18,3]    433.305    44.519   352.208   402.842
N.est[19,3]    680.355    70.371   550.008   631.991
N.est[20,3]    593.343    61.579   482.077   551.199
N.est[21,3]    878.735    90.693   711.391   817.241
N.est[22,3]    955.867    98.328   776.831   887.511
N.est[23,3]   1052.154   108.412   854.547   976.186
N.est[24,3]   1081.290   111.461   882.810  1003.870
N.est[25,3]   1056.243   108.608   857.648   981.258
N.est[26,3]   1187.897   122.067   964.128  1104.388
N.est[27,3]   1210.990   125.167   981.617  1125.798
N.est[28,3]   1069.939   109.749   868.079   994.236
N.est[29,3]    854.849    86.567   695.321   796.222
N.est[30,3]    893.316    90.549   728.294   830.563
N.est[31,3]    740.830    76.119   601.508   689.094
N.est[32,3]    890.618    90.882   727.135   827.864
N.est[33,3]    696.893    71.383   568.798   646.636
N.est[34,3]    795.528    82.250   644.892   740.188
N.est[35,3]    604.666    62.074   492.711   561.260
N.est[36,3]    924.613    93.995   755.461   860.360
N.est[37,3]    970.179   100.547   790.154   899.753
N.est[38,3]    883.940    90.516   721.162   820.805
N.est[39,3]    878.508    94.576   708.923   813.390
N.est[40,3]   1038.526   115.620   831.478   958.030
N.est[1,4]       0.823     0.328     0.367     0.589
N.est[2,4]       0.899     0.351     0.402     0.649
N.est[3,4]       0.962     0.300     0.497     0.746
N.est[4,4]       1.012     0.108     0.817     0.937
N.est[5,4]       1.171     0.125     0.948     1.084
N.est[6,4]       4.710     0.482     3.839     4.379
N.est[7,4]      11.041     1.117     8.991    10.273
N.est[8,4]      25.590     2.737    20.509    23.706
N.est[9,4]      36.732    10.423    20.351    29.317
N.est[10,4]     50.781    14.492    28.178    40.460
N.est[11,4]     68.442     7.150    55.618    63.449
N.est[12,4]     85.806     8.858    69.555    79.721
N.est[13,4]     75.843     7.868    61.580    70.308
N.est[14,4]     57.163     5.821    46.549    53.209
N.est[15,4]     42.038     4.363    34.203    38.998
N.est[16,4]     44.517     4.717    35.975    41.257
N.est[17,4]     52.383    15.812    28.010    41.149
N.est[18,4]     59.732    20.083    29.532    45.421
N.est[19,4]     66.932    20.286    35.849    52.351
N.est[20,4]     72.964     7.991    58.453    67.382
N.est[21,4]     88.946    21.856    52.751    73.457
N.est[22,4]    103.392    10.896    83.653    95.929
N.est[23,4]    111.151    11.627    90.259   103.136
N.est[24,4]    118.621    28.842    71.355    97.990
N.est[25,4]    121.083    12.616    98.512   112.485
N.est[26,4]    106.690    11.026    87.221    98.933
N.est[27,4]    182.592    18.809   148.437   169.278
N.est[28,4]    256.583    26.278   208.652   238.210
N.est[29,4]    265.711    27.045   217.284   246.971
N.est[30,4]    319.190    32.761   259.918   296.497
N.est[31,4]    471.095    48.177   383.107   437.772
N.est[32,4]    509.196    52.822   413.947   472.661
N.est[33,4]   1110.939   113.937   904.239  1032.663
N.est[34,4]   1776.126   179.381  1444.639  1652.576
N.est[35,4]   2017.981   206.477  1641.920  1873.784
N.est[36,4]   2090.246   213.869  1705.874  1940.998
N.est[37,4]   2485.136   255.130  2017.458  2306.948
N.est[38,4]   2351.013   241.160  1907.496  2181.749
N.est[39,4]   1875.551   201.116  1508.078  1736.241
N.est[40,4]   2303.678   254.579  1839.724  2126.790
N.est[1,5]   22897.251  2484.401 18354.465 21172.293
N.est[2,5]   23278.468  7740.388 11813.437 17794.065
N.est[3,5]   23208.743  9821.204  9736.680 16247.519
N.est[4,5]   22746.617 10590.858  8601.859 15338.760
N.est[5,5]   22069.756 10201.640  8430.678 14955.294
N.est[6,5]   20967.644  8856.046  8772.251 14802.583
N.est[7,5]   19740.155  6503.028 10046.921 15123.404
N.est[8,5]   18243.176  2007.913 14666.525 16843.351
N.est[9,5]   15528.609  4707.620  8312.375 12173.381
N.est[10,5]  12956.741  4452.096  6307.424  9793.853
N.est[11,5]  10543.913  3188.357  5632.894  8301.746
N.est[12,5]   8330.910   871.020  6737.774  7723.287
N.est[13,5]   6389.052   652.552  5217.714  5935.235
N.est[14,5]   6804.464   696.342  5512.287  6327.345
N.est[15,5]   2804.543   295.064  2277.289  2598.396
N.est[16,5]   4403.335   450.662  3576.791  4092.541
N.est[17,5]   4190.285   431.235  3404.398  3889.168
N.est[18,5]   3306.301   336.294  2711.351  3065.599
N.est[19,5]   2728.721   284.755  2209.052  2532.028
N.est[20,5]   2067.820   212.379  1685.261  1920.018
N.est[21,5]   2325.763   241.924  1885.322  2160.265
N.est[22,5]   2230.976   231.936  1814.674  2069.891
N.est[23,5]   2114.354   218.031  1716.180  1963.300
N.est[24,5]   2136.435   219.452  1739.292  1983.468
N.est[25,5]   1983.807   204.633  1613.832  1841.664
N.est[26,5]   2185.777   223.455  1771.441  2032.557
N.est[27,5]   2074.187   211.847  1687.640  1926.363
N.est[28,5]   2010.729   205.731  1637.883  1868.662
N.est[29,5]   1567.312   162.034  1274.085  1453.347
N.est[30,5]   1576.616   160.869  1285.774  1463.390
N.est[31,5]   1305.920   133.262  1067.558  1211.234
N.est[32,5]   1399.918   142.775  1147.755  1300.158
N.est[33,5]   1040.104   108.746   843.966   964.131
N.est[34,5]   1272.733   131.372  1036.390  1181.664
N.est[35,5]   1248.049   127.025  1017.258  1159.328
N.est[36,5]   1165.167   120.458   946.925  1081.996
N.est[37,5]   1177.410   121.418   955.935  1094.263
N.est[38,5]   1319.150   136.344  1072.689  1224.761
N.est[39,5]    982.028   106.430   793.834   908.085
N.est[40,5]    904.206   100.674   726.161   834.304
N.est[1,6]   14023.006  1484.885 11328.865 12978.718
N.est[2,6]   14935.983  1594.177 12058.514 13828.678
N.est[3,6]   16463.471  5166.298  8743.410 12830.079
N.est[4,6]   17653.813  6691.012  8039.633 12947.783
N.est[5,6]   18570.864  6972.864  8597.321 13602.087
N.est[6,6]   19222.276  6001.987 10169.629 14941.526
N.est[7,6]   19420.280  2148.575 15533.027 17911.220
N.est[8,6]   20389.419  6789.640 10240.234 15533.089
N.est[9,6]   21052.831  9023.896  8569.840 14609.735
N.est[10,6]  21410.519 10191.718  7929.413 14213.103
N.est[11,6]  21656.783 10738.518  7777.716 14106.045
N.est[12,6]  21602.074 10380.709  7976.290 14350.696
N.est[13,6]  21139.057  9083.841  8627.804 14831.453
N.est[14,6]  20434.092  6713.601 10350.184 15642.594
N.est[15,6]  19482.074  2158.264 15642.569 17964.760
N.est[16,6]  19252.636  6167.825  9921.013 14806.001
N.est[17,6]  18713.970  7492.731  8216.243 13416.992
N.est[18,6]  18039.032  7772.911  7418.392 12577.181
N.est[19,6]  16955.085  6774.737  7359.023 12111.045
N.est[20,6]  15662.204  5043.758  8143.546 12068.446
N.est[21,6]  14302.335  1532.902 11505.013 13237.425
N.est[22,6]  15279.015  1566.243 12463.533 14179.212
N.est[23,6]  16359.105  1706.202 13243.293 15155.909
N.est[24,6]  12747.540  3158.963  7581.635 10528.808
N.est[25,6]   9472.499   989.853  7691.156  8781.846
N.est[26,6]   9365.970   972.589  7580.381  8687.667
N.est[27,6]   4762.228   499.526  3870.517  4414.504
N.est[28,6]   7336.869   756.158  5945.191  6824.596
N.est[29,6]   4844.038   509.416  3928.157  4490.950
N.est[30,6]   7354.836   757.960  5971.357  6827.462
N.est[31,6]   6980.100   730.490  5670.742  6477.244
N.est[32,6]   7742.319  1924.179  4638.300  6383.214
N.est[33,6]   8270.731   869.662  6706.051  7678.644
N.est[34,6]   6901.978   704.187  5649.634  6414.986
N.est[35,6]   7692.327   791.403  6261.225  7154.805
N.est[36,6]   8503.694   871.296  6921.086  7899.836
N.est[37,6]   7599.470   775.659  6183.857  7057.840
N.est[38,6]   6274.405   648.501  5093.043  5822.142
N.est[39,6]   6173.856   672.122  4952.348  5706.555
N.est[40,6]   6043.760   675.451  4828.352  5573.118
N.est[1,7]     592.186   215.584   278.932   440.086
N.est[2,7]     597.436   183.982   309.998   466.699
N.est[3,7]     587.990    66.208   468.785   542.162
N.est[4,7]     746.691   240.845   383.704   574.183
N.est[5,7]     951.957   409.458   393.177   667.349
N.est[6,7]    1192.135   589.932   425.554   784.724
N.est[7,7]    1480.310   760.916   497.704   950.280
N.est[8,7]    1807.267   930.320   610.182  1149.414
N.est[9,7]    2187.709  1069.748   786.205  1443.757
N.est[10,7]   2611.095  1118.745  1051.920  1817.730
N.est[11,7]   3085.387  1003.331  1571.231  2372.041
N.est[12,7]   3590.714   381.064  2891.097  3324.801
N.est[13,7]   3284.611   337.315  2667.765  3052.432
N.est[14,7]   3596.869   367.437  2922.823  3347.290
N.est[15,7]   2462.172   260.954  1994.512  2281.270
N.est[16,7]   2975.919   734.373  1796.387  2450.005
N.est[17,7]   3455.470   375.258  2764.188  3193.264
N.est[18,7]   2536.743   624.490  1538.863  2087.900
N.est[19,7]   1776.613   189.816  1431.234  1645.392
N.est[20,7]   2649.516   652.173  1595.420  2179.326
N.est[21,7]   3778.936   397.788  3058.141  3507.048
N.est[22,7]   4145.438   418.521  3386.934  3854.831
N.est[23,7]   4861.800   507.177  3928.290  4514.836
N.est[24,7]   2413.719   589.775  1453.695  1992.794
N.est[25,7]   1139.968   124.983   924.166  1052.810
N.est[26,7]   2714.695   278.169  2214.726  2520.294
N.est[27,7]   3116.399   318.127  2533.025  2895.987
N.est[28,7]   2706.801   276.577  2197.667  2519.350
N.est[29,7]   1596.601   167.008  1299.448  1480.356
N.est[30,7]   2621.079   269.951  2127.261  2432.075
N.est[31,7]   2637.301   273.462  2139.925  2444.243
N.est[32,7]   2693.321   662.024  1617.721  2230.209
N.est[33,7]   2626.456   279.652  2117.165  2431.083
N.est[34,7]   2729.824   280.969  2209.727  2537.569
N.est[35,7]   1151.490   122.502   936.529  1066.175
N.est[36,7]   2606.887   266.688  2116.494  2424.323
N.est[37,7]   2813.931   290.775  2290.603  2609.394
N.est[38,7]   2626.863   271.972  2138.967  2438.553
N.est[39,7]   2289.734   247.026  1838.732  2115.846
N.est[40,7]   2377.104   264.480  1893.796  2191.796
N.est[1,8]    1209.154   572.340   455.531   807.124
N.est[2,8]    1256.586   656.546   428.572   798.627
N.est[3,8]    1288.257   710.367   419.591   801.864
N.est[4,8]    1296.483   701.201   424.806   811.244
N.est[5,8]    1294.023   652.913   453.675   840.548
N.est[6,8]    1277.667   565.204   509.806   871.603
N.est[7,8]    1248.188   415.726   631.958   948.066
N.est[8,8]    1207.762   130.008   974.520  1118.345
N.est[9,8]    2105.719   220.429  1699.531  1953.625
N.est[10,8]   2702.633   666.366  1628.324  2231.469
N.est[11,8]   3338.376   351.223  2694.539  3094.364
N.est[12,8]   3545.095   372.915  2867.571  3285.967
N.est[13,8]   3655.236   893.378  2223.744  3021.518
N.est[14,8]   3580.274   377.609  2888.183  3319.220
N.est[15,8]   3502.464   359.522  2835.719  3252.077
N.est[16,8]   2251.002   232.152  1831.456  2089.524
N.est[17,8]   2282.978   232.342  1859.754  2120.429
N.est[18,8]   2413.923   247.087  1959.645  2245.645
N.est[19,8]   2667.665   274.568  2168.486  2480.533
N.est[20,8]   2883.058   294.176  2336.859  2677.784
N.est[21,8]   3024.693   312.886  2456.853  2809.994
N.est[22,8]   2842.328   294.983  2307.856  2639.630
N.est[23,8]   2713.971   279.090  2207.516  2519.661
N.est[24,8]   3321.808   339.442  2693.012  3089.459
N.est[25,8]   2773.797   283.198  2255.746  2574.396
N.est[26,8]   2140.657   218.058  1754.724  1988.286
N.est[27,8]   2373.201   241.052  1936.575  2204.761
N.est[28,8]   1896.012   193.865  1545.020  1761.721
N.est[29,8]   2098.017   213.458  1717.678  1949.871
N.est[30,8]   3025.180   307.629  2459.955  2813.869
N.est[31,8]   2666.834   272.438  2174.858  2478.066
N.est[32,8]   3125.963   317.997  2553.355  2897.324
N.est[33,8]   3135.106   323.619  2555.062  2909.656
N.est[34,8]   3281.549   339.199  2663.548  3047.783
N.est[35,8]   3034.253   309.700  2466.291  2819.989
N.est[36,8]   2526.950   259.588  2053.358  2349.860
N.est[37,8]   2649.961   283.588  2135.983  2456.291
N.est[38,8]   2864.608  1032.030  1359.144  2128.893
N.est[39,8]   3089.278  1596.106  1051.077  1971.128
N.est[40,8]   3186.229  1697.271  1042.958  2001.715
N.est[1,9]     851.415   396.792   322.936   570.580
N.est[2,9]     869.196   438.455   299.303   561.965
N.est[3,9]     881.794   473.762   290.163   553.554
N.est[4,9]     883.121   469.674   295.641   556.437
N.est[5,9]     871.546   433.862   313.778   569.001
N.est[6,9]     849.876   363.807   344.614   591.731
N.est[7,9]     824.785   272.519   417.507   629.463
N.est[8,9]     791.540    85.633   637.085   732.255
N.est[9,9]    1338.586   142.509  1081.584  1239.585
N.est[10,9]   1801.488   445.611  1082.505  1484.112
N.est[11,9]   2319.218   242.731  1872.158  2150.902
N.est[12,9]   2005.420   211.837  1620.359  1858.316
N.est[13,9]   2254.934   550.663  1373.749  1862.109
N.est[14,9]   2423.953   252.452  1965.301  2251.039
N.est[15,9]   2651.876   267.429  2174.255  2464.853
N.est[16,9]   2785.121   283.306  2269.109  2589.537
N.est[17,9]   3221.696   326.784  2621.824  2994.878
N.est[18,9]   2620.533   266.717  2137.039  2435.941
N.est[19,9]   1942.394   197.395  1580.363  1808.974
N.est[20,9]   1613.092   162.484  1316.138  1501.389
N.est[21,9]   1695.404   175.297  1381.873  1574.662
N.est[22,9]   1445.803   148.920  1182.574  1341.021
N.est[23,9]   2165.047   220.383  1760.295  2014.407
N.est[24,9]   2172.865   222.310  1771.306  2017.896
N.est[25,9]   2006.533   208.302  1623.261  1861.920
N.est[26,9]    958.299    97.983   782.801   890.657
N.est[27,9]   1024.560   104.757   835.559   952.144
N.est[28,9]    713.568    73.492   583.627   661.979
N.est[29,9]    457.237    46.896   374.057   424.488
N.est[30,9]    592.122    60.328   480.679   550.817
N.est[31,9]    619.435    64.057   504.469   574.555
N.est[32,9]    650.916    66.296   529.248   604.800
N.est[33,9]    583.642    60.315   475.150   542.121
N.est[34,9]    561.322    58.317   455.771   520.762
N.est[35,9]    607.665    62.639   496.359   563.895
N.est[36,9]    653.758    67.071   530.448   607.464
N.est[37,9]    505.572    54.294   407.706   467.537
N.est[38,9]    529.765   191.005   250.634   393.035
N.est[39,9]    551.864   286.065   186.324   352.471
N.est[40,9]    548.952   293.284   179.181   344.751
N.est[1,10]    412.567   194.181   155.943   276.274
N.est[2,10]    427.013   217.567   147.126   274.432
N.est[3,10]    438.213   238.093   144.734   274.267
N.est[4,10]    441.969   237.627   146.820   278.465
N.est[5,10]    442.652   222.758   159.232   288.397
N.est[6,10]    437.199   190.542   179.539   305.065
N.est[7,10]    428.301   142.800   214.614   328.319
N.est[8,10]    412.855    44.200   332.409   382.044
N.est[9,10]    655.604    69.727   527.698   607.886
N.est[10,10]   781.862   221.695   434.847   624.922
N.est[11,10]   905.371   260.648   500.931   720.382
N.est[12,10]  1015.636   110.217   816.097   938.587
N.est[13,10]   869.786   218.069   522.676   713.925
N.est[14,10]   709.086    73.850   575.631   657.630
N.est[15,10]   707.764    72.677   576.645   656.920
N.est[16,10]   664.853    68.718   539.224   616.879
N.est[17,10]   483.266    49.971   395.036   448.190
N.est[18,10]   399.123    41.297   324.496   370.395
N.est[19,10]   431.330    43.888   352.064   401.160
N.est[20,10]   447.907    45.216   366.480   416.298
N.est[21,10]   483.271    50.009   390.824   448.385
N.est[22,10]   392.732    41.233   319.003   364.171
N.est[23,10]   508.180    51.654   412.173   473.375
N.est[24,10]   513.012    52.825   417.009   476.739
N.est[25,10]   544.940    56.138   441.394   506.441
N.est[26,10]   652.408    66.711   530.954   605.491
N.est[27,10]   617.737    65.493   501.678   571.895
N.est[28,10]   612.204   151.019   367.876   504.931
N.est[29,10]   580.183    60.629   471.951   538.698
N.est[30,10]   649.179    66.881   526.923   602.234
N.est[31,10]   825.942    85.189   670.204   766.191
N.est[32,10]   846.686    86.644   685.847   787.541
N.est[33,10]   780.144    79.872   635.845   725.473
N.est[34,10]   762.794    78.738   620.640   708.464
N.est[35,10]   850.632    87.078   692.745   790.769
N.est[36,10]   901.227    91.255   736.177   837.512
N.est[37,10]  1077.326   114.998   867.755   998.501
N.est[38,10]  1170.561   417.857   566.449   868.882
N.est[39,10]  1285.262   665.108   446.384   813.980
N.est[40,10]  1332.639   711.386   448.290   829.970
N.est[1,11]    341.577   158.152   126.042   230.149
N.est[2,11]    355.286   183.050   119.779   225.574
N.est[3,11]    360.858   192.752   118.876   228.286
N.est[4,11]    365.716   194.892   120.037   230.982
N.est[5,11]    367.472   183.720   131.035   239.086
N.est[6,11]    364.450   159.490   145.647   250.147
N.est[7,11]    354.265   117.486   179.903   270.175
N.est[8,11]    341.366    36.351   275.494   316.028
N.est[9,11]    472.453    48.368   385.376   438.486
N.est[10,11]   873.384    91.233   706.172   810.161
N.est[11,11]   805.735   199.541   482.558   664.873
N.est[12,11]   713.715    76.711   574.663   659.895
N.est[13,11]   716.035   177.191   433.975   590.449
N.est[14,11]   680.229    70.937   552.025   631.222
N.est[15,11]   722.956    73.644   590.320   672.219
N.est[16,11]   534.113    54.425   435.070   496.210
N.est[17,11]   592.175    61.358   481.059   549.311
N.est[18,11]   509.643    52.732   414.495   472.646
N.est[19,11]   510.133    52.666   413.207   473.897
N.est[20,11]   470.589    48.461   381.901   436.978
N.est[21,11]   466.768    47.621   379.843   433.948
N.est[22,11]   370.705    38.441   302.403   344.463
N.est[23,11]   367.768    37.899   298.207   341.141
N.est[24,11]   402.746    41.777   326.796   373.726
N.est[25,11]   382.545    39.372   312.435   355.013
N.est[26,11]   441.527    45.392   358.855   410.646
N.est[27,11]   459.507    47.508   373.990   426.332
N.est[28,11]   375.176    38.648   305.046   348.303
N.est[29,11]   454.492    46.621   369.028   421.803
N.est[30,11]   485.590    49.110   395.597   452.112
N.est[31,11]   603.374    61.847   490.531   559.886
N.est[32,11]   600.918    61.587   489.289   558.400
N.est[33,11]   624.083    64.633   507.532   579.197
N.est[34,11]   630.516    65.679   512.677   585.160
N.est[35,11]   732.551    74.881   597.907   680.159
N.est[36,11]   874.315    90.208   710.431   813.053
N.est[37,11]  1178.041   126.387   951.388  1089.888
N.est[38,11]  1285.937   461.499   621.266   955.144
N.est[39,11]  1418.088   742.744   492.917   902.571
N.est[40,11]  1481.469   800.423   496.632   929.953
Ntot[1]      52937.839  3330.034 46728.560 50614.822
Ntot[2]      53386.266  8815.465 39302.099 47152.351
Ntot[3]      53924.639 12001.675 35186.380 45679.413
Ntot[4]      53829.068 13389.311 33057.356 44366.006
Ntot[5]      53240.490 13125.028 33077.448 43846.507
Ntot[6]      51923.058 11470.510 33933.442 43885.782
Ntot[7]      50252.637  7519.451 38217.169 45064.264
Ntot[8]      49138.176  7392.283 37367.372 43901.663
Ntot[9]      48689.675 10294.113 32910.621 41515.941
Ntot[10]     50456.466 11299.813 33640.157 42531.438
Ntot[11]     51867.974 11327.023 36084.501 43978.782
Ntot[12]     50973.798 10677.574 36350.295 43561.693
Ntot[13]     49210.493  9243.845 36209.554 42806.641
Ntot[14]     48187.663  6819.153 37912.944 43339.283
Ntot[15]     42296.015  2386.921 37959.507 40643.528
Ntot[16]     45217.039  6326.488 35437.481 40706.659
Ntot[17]     45518.138  7599.486 34636.716 40177.390
Ntot[18]     42910.915  7856.519 31909.180 37476.755
Ntot[19]     40090.617  6854.001 30176.517 35273.535
Ntot[20]     41090.622  5224.230 33005.934 37371.343
Ntot[21]     46415.550  2306.886 42150.426 44824.173
Ntot[22]     50441.036  2519.735 45669.651 48739.649
Ntot[23]     57776.705  2929.018 52284.772 55759.627
Ntot[24]     54306.615  4077.686 47215.841 51414.667
Ntot[25]     46593.428  2498.723 42012.245 44860.790
Ntot[26]     51623.474  2837.544 46321.447 49677.459
Ntot[27]     44752.016  2443.728 40345.317 43058.696
Ntot[28]     36736.437  1768.705 33419.321 35534.880
Ntot[29]     29751.225  1430.601 27116.145 28759.248
Ntot[30]     27756.893  1167.030 25562.931 26962.495
Ntot[31]     24647.608  1038.377 22749.295 23934.384
Ntot[32]     25872.503  2152.898 22166.422 24351.066
Ntot[33]     24613.983  1091.598 22595.820 23859.981
Ntot[34]     23151.347   932.957 21387.789 22517.661
Ntot[35]     21901.046   957.887 20160.864 21229.737
Ntot[36]     23409.759  1019.001 21510.339 22708.789
Ntot[37]     23800.865   984.169 21925.372 23138.713
Ntot[38]     22558.225  1460.721 20031.636 21542.251
Ntot[39]     21924.858  2091.290 18622.416 20461.741
Ntot[40]     22722.142  2219.797 19254.473 21175.740
logNtot[1]      10.875     0.063    10.752    10.832
logNtot[2]      10.872     0.160    10.579    10.761
logNtot[3]      10.872     0.215    10.468    10.729
logNtot[4]      10.864     0.240    10.406    10.700
logNtot[5]      10.854     0.238    10.407    10.688
logNtot[6]      10.834     0.214    10.432    10.689
logNtot[7]      10.814     0.145    10.551    10.716
logNtot[8]      10.792     0.146    10.529    10.690
logNtot[9]      10.772     0.203    10.402    10.634
logNtot[10]     10.806     0.212    10.423    10.658
logNtot[11]     10.835     0.202    10.494    10.691
logNtot[12]     10.819     0.194    10.501    10.682
logNtot[13]     10.788     0.175    10.497    10.664
logNtot[14]     10.773     0.136    10.543    10.677
logNtot[15]     10.651     0.056    10.544    10.613
logNtot[16]     10.710     0.135    10.476    10.614
logNtot[17]     10.713     0.157    10.453    10.601
logNtot[18]     10.652     0.171    10.371    10.531
logNtot[19]     10.585     0.162    10.315    10.471
logNtot[20]     10.616     0.123    10.404    10.529
logNtot[21]     10.744     0.050    10.649    10.711
logNtot[22]     10.827     0.050    10.729    10.794
logNtot[23]     10.963     0.051    10.864    10.929
logNtot[24]     10.900     0.074    10.762    10.848
logNtot[25]     10.748     0.053    10.646    10.711
logNtot[26]     10.850     0.055    10.743    10.813
logNtot[27]     10.707     0.054    10.605    10.670
logNtot[28]     10.510     0.048    10.417    10.478
logNtot[29]     10.299     0.048    10.208    10.267
logNtot[30]     10.230     0.042    10.149    10.202
logNtot[31]     10.112     0.042    10.032    10.083
logNtot[32]     10.158     0.082    10.006    10.100
logNtot[33]     10.110     0.044    10.026    10.080
logNtot[34]     10.049     0.040     9.971    10.022
logNtot[35]      9.993     0.044     9.911     9.963
logNtot[36]     10.060     0.043     9.976    10.031
logNtot[37]     10.077     0.041     9.995    10.049
logNtot[38]     10.022     0.064     9.905     9.978
logNtot[39]      9.991     0.092     9.832     9.926
logNtot[40]     10.027     0.095     9.865     9.961
mean.r[1]        0.003     0.053    -0.100    -0.032
mean.r[2]        0.192     0.054     0.087     0.155
mean.r[3]        0.221     0.055     0.114     0.183
mean.r[4]        0.259     0.054     0.154     0.223
mean.r[5]       -0.030     0.054    -0.134    -0.066
mean.r[6]        0.031     0.053    -0.072    -0.004
mean.r[7]        0.091     0.054    -0.014     0.054
mean.r[8]        0.078     0.055    -0.031     0.040
mean.r[9]        0.041     0.055    -0.068     0.003
mean.r[10]       0.082     0.057    -0.028     0.044
mean.r[11]       0.090     0.056    -0.018     0.053
r.proj[1]       -0.050     0.004    -0.058    -0.052
r.proj[2]        0.138     0.011     0.116     0.131
r.proj[3]        0.167     0.012     0.144     0.159
r.proj[4]        0.205     0.011     0.185     0.198
r.proj[5]       -0.083     0.004    -0.091    -0.086
r.proj[6]       -0.022     0.004    -0.030    -0.024
r.proj[7]        0.037     0.010     0.018     0.030
r.proj[8]        0.024     0.018    -0.011     0.012
r.proj[9]       -0.012     0.018    -0.047    -0.024
r.proj[10]       0.029     0.018    -0.006     0.017
r.proj[11]       0.037     0.018     0.002     0.025
r.tot[2]        -0.003     0.154    -0.286    -0.110
r.tot[3]         0.000     0.172    -0.333    -0.117
r.tot[4]        -0.008     0.174    -0.347    -0.125
r.tot[5]        -0.010     0.177    -0.364    -0.129
r.tot[6]        -0.020     0.174    -0.364    -0.134
r.tot[7]        -0.020     0.175    -0.367    -0.136
r.tot[8]        -0.023     0.180    -0.376    -0.140
r.tot[9]        -0.019     0.164    -0.330    -0.131
r.tot[10]        0.033     0.158    -0.276    -0.068
r.tot[11]        0.029     0.152    -0.271    -0.070
r.tot[12]       -0.016     0.149    -0.306    -0.113
r.tot[13]       -0.032     0.139    -0.322    -0.119
r.tot[14]       -0.014     0.137    -0.305    -0.099
r.tot[15]       -0.123     0.132    -0.405    -0.205
r.tot[16]        0.059     0.132    -0.173    -0.032
r.tot[17]        0.003     0.129    -0.235    -0.084
r.tot[18]       -0.061     0.130    -0.313    -0.148
r.tot[19]       -0.066     0.131    -0.336    -0.151
r.tot[20]        0.030     0.129    -0.246    -0.049
r.tot[21]        0.128     0.123    -0.135     0.051
r.tot[22]        0.083     0.067    -0.050     0.039
r.tot[23]        0.136     0.066     0.004     0.092
r.tot[24]       -0.063     0.083    -0.222    -0.121
r.tot[25]       -0.152     0.085    -0.321    -0.208
r.tot[26]        0.102     0.073    -0.041     0.054
r.tot[27]       -0.143     0.073    -0.284    -0.192
r.tot[28]       -0.197     0.070    -0.336    -0.243
r.tot[29]       -0.211     0.064    -0.337    -0.254
r.tot[30]       -0.069     0.061    -0.191    -0.109
r.tot[31]       -0.119     0.057    -0.230    -0.157
r.tot[32]        0.046     0.085    -0.110    -0.013
r.tot[33]       -0.047     0.085    -0.223    -0.103
r.tot[34]       -0.061     0.057    -0.175    -0.098
r.tot[35]       -0.056     0.056    -0.164    -0.093
r.tot[36]        0.067     0.059    -0.050     0.027
r.tot[37]        0.017     0.056    -0.093    -0.021
r.tot[38]       -0.055     0.071    -0.188    -0.103
r.tot[39]       -0.031     0.075    -0.168    -0.082
r.tot[40]        0.036     0.005     0.027     0.032
sigma            0.326     0.014     0.298     0.317
deviance      -483.653    52.003  -563.113  -521.454
                   50%       75%     97.5%  Rhat n.eff
N.est[1,1]   12536.691 13492.462 15523.050 1.001 10000
N.est[2,1]   11044.118 13683.379 20999.747 1.001 10000
N.est[3,1]    9834.730 12940.477 21976.011 1.002  2000
N.est[4,1]    8772.323 11872.600 20974.783 1.002  1200
N.est[5,1]    7789.223 10613.479 19379.962 1.002  1600
N.est[6,1]    6816.221  9280.761 16747.172 1.001  3700
N.est[7,1]    6095.596  8055.645 13826.772 1.001  5000
N.est[8,1]    5396.057  6748.279 10174.489 1.001  8800
N.est[9,1]    4808.688  5169.030  5988.173 1.001 10000
N.est[10,1]   6259.024  7353.563  9929.007 1.001  2700
N.est[11,1]   8210.239  8802.391 10050.594 1.001 10000
N.est[12,1]   8494.822 10023.017 13710.679 1.001 10000
N.est[13,1]   8819.833  9456.491 10831.881 1.001  3900
N.est[14,1]   7660.484  8219.898  9393.775 1.001  4900
N.est[15,1]   7425.364  7940.819  9090.724 1.001 10000
N.est[16,1]   9193.263  9844.293 11247.659 1.001 10000
N.est[17,1]   9706.455 10406.366 11858.386 1.001 10000
N.est[18,1]   9481.176 10161.275 11587.811 1.001 10000
N.est[19,1]   8944.332  9567.335 10943.182 1.001  5200
N.est[20,1]  11015.465 11801.320 13455.472 1.001 10000
N.est[21,1]  14869.173 15924.768 18189.439 1.002  1200
N.est[22,1]  17196.793 18394.867 21048.594 1.001 10000
N.est[23,1]  21044.357 22547.606 25652.367 1.001  5100
N.est[24,1]  22326.816 23903.293 27438.492 1.001 10000
N.est[25,1]  20748.087 22254.939 25472.121 1.001 10000
N.est[26,1]  24154.559 25858.286 29442.884 1.001 10000
N.est[27,1]  21699.273 23236.855 26667.242 1.001  5100
N.est[28,1]  13689.239 14671.844 16826.522 1.001  7400
N.est[29,1]  11212.334 12004.708 13639.431 1.002  1800
N.est[30,1]   6049.145  6486.799  7436.335 1.001 10000
N.est[31,1]   5199.294  5568.383  6390.731 1.001  7100
N.est[32,1]   4843.551  5182.493  5936.794 1.001 10000
N.est[33,1]   3857.858  4129.055  4713.312 1.001 10000
N.est[34,1]   2765.693  2959.390  3377.426 1.001  2900
N.est[35,1]   2587.223  2766.078  3147.076 1.001 10000
N.est[36,1]   2082.144  2230.719  2552.209 1.001  7600
N.est[37,1]   2111.202  2264.732  2585.289 1.001 10000
N.est[38,1]   1887.220  2021.409  2310.704 1.001  3900
N.est[39,1]   1909.845  2050.961  2363.168 1.001 10000
N.est[40,1]   1817.784  1955.083  2260.859 1.001 10000
N.est[1,2]       7.601     9.955    17.132 1.001  6900
N.est[2,2]       8.136    10.820    18.686 1.001  4600
N.est[3,2]       8.680    11.326    18.873 1.001 10000
N.est[4,2]       9.311    11.441    17.308 1.001 10000
N.est[5,2]       9.979    10.727    12.315 1.001  2600
N.est[6,2]      25.199    27.049    30.992 1.001  3300
N.est[7,2]      97.034   103.919   118.097 1.001 10000
N.est[8,2]     224.495   240.087   272.555 1.001  6000
N.est[9,2]     465.007   498.851   567.219 1.001  6900
N.est[10,2]    802.618   862.766   981.933 1.001 10000
N.est[11,2]    859.995   925.830  1056.572 1.001  7400
N.est[12,2]   1272.849  1364.283  1559.264 1.001 10000
N.est[13,2]   1821.877  1949.828  2223.255 1.001  5400
N.est[14,2]   2021.236  2168.307  2479.938 1.001 10000
N.est[15,2]   2207.973  2363.847  2687.683 1.001  8000
N.est[16,2]   2700.250  2891.556  3296.628 1.001  5300
N.est[17,2]   2382.133  2557.109  2922.842 1.001 10000
N.est[18,2]   3043.749  3256.466  3707.309 1.001 10000
N.est[19,2]   3328.596  3560.151  4070.959 1.001  8900
N.est[20,2]   3530.359  3782.033  4317.922 1.001 10000
N.est[21,2]   4389.847  4702.113  5366.883 1.001 10000
N.est[22,2]   5378.206  5763.555  6552.106 1.001 10000
N.est[23,2]   6352.745  6805.618  7774.745 1.001 10000
N.est[24,2]   6922.679  7417.730  8433.242 1.002  1500
N.est[25,2]   6194.730  6641.719  7594.970 1.001 10000
N.est[26,2]   7552.030  8093.819  9206.704 1.001 10000
N.est[27,2]   7076.540  7573.354  8631.166 1.001  4900
N.est[28,2]   5955.190  6387.477  7266.698 1.001 10000
N.est[29,2]   5729.573  6139.906  7032.056 1.001 10000
N.est[30,2]   4143.870  4426.693  5029.836 1.001 10000
N.est[31,2]   2554.058  2734.880  3119.472 1.001  5700
N.est[32,2]   2533.611  2710.616  3091.466 1.001 10000
N.est[33,2]   1859.489  1991.611  2273.116 1.001  8500
N.est[34,2]   1650.539  1768.448  2016.931 1.001 10000
N.est[35,2]   1357.630  1453.332  1652.182 1.001 10000
N.est[36,2]   1063.451  1140.627  1307.836 1.002  2200
N.est[37,2]   1212.225  1299.004  1483.356 1.001 10000
N.est[38,2]   1346.416  1443.849  1642.616 1.001 10000
N.est[39,2]   1451.814  1562.820  1792.234 1.001 10000
N.est[40,2]   1667.452  1799.889  2073.052 1.001  8900
N.est[1,3]       1.539     2.072     3.556 1.001  8700
N.est[2,3]       1.622     2.232     4.094 1.001 10000
N.est[3,3]       1.720     2.353     4.423 1.001 10000
N.est[4,3]       1.827     2.469     4.515 1.001 10000
N.est[5,3]       1.928     2.546     4.337 1.001  5600
N.est[6,3]       2.039     2.538     3.833 1.001 10000
N.est[7,3]       2.142     2.308     2.668 1.002  1300
N.est[8,3]       4.049     4.777     6.510 1.002  2000
N.est[9,3]       7.625     8.193     9.412 1.001  4500
N.est[10,3]     29.754    31.890    36.213 1.001  2700
N.est[11,3]     38.437    41.175    47.190 1.001 10000
N.est[12,3]     56.688    60.818    69.498 1.001  6700
N.est[13,3]    123.576   132.275   150.863 1.001 10000
N.est[14,3]    160.734   172.006   196.865 1.001  8900
N.est[15,3]    239.214   257.095   292.552 1.001 10000
N.est[16,3]    346.485   370.998   422.955 1.001 10000
N.est[17,3]    369.977   396.094   452.851 1.001 10000
N.est[18,3]    431.208   460.716   527.644 1.001 10000
N.est[19,3]    677.214   725.836   826.818 1.001  6500
N.est[20,3]    589.671   632.441   725.317 1.001 10000
N.est[21,3]    874.036   935.626  1070.724 1.001  7500
N.est[22,3]    951.870  1017.831  1163.604 1.001 10000
N.est[23,3]   1048.527  1120.449  1281.169 1.001  3900
N.est[24,3]   1075.252  1151.853  1316.588 1.002  1000
N.est[25,3]   1051.649  1124.879  1283.116 1.001 10000
N.est[26,3]   1182.122  1266.042  1445.179 1.001 10000
N.est[27,3]   1204.308  1290.649  1475.186 1.001 10000
N.est[28,3]   1064.605  1140.701  1299.510 1.001  4900
N.est[29,3]    850.233   909.991  1037.427 1.002  2100
N.est[30,3]    889.774   950.762  1085.333 1.001 10000
N.est[31,3]    737.742   788.913   899.251 1.001  6400
N.est[32,3]    885.796   948.163  1085.041 1.001 10000
N.est[33,3]    693.973   743.539   845.024 1.001 10000
N.est[34,3]    791.817   847.290   969.393 1.001 10000
N.est[35,3]    600.932   644.311   735.674 1.001 10000
N.est[36,3]    920.371   982.343  1119.780 1.001 10000
N.est[37,3]    965.162  1033.902  1180.844 1.001 10000
N.est[38,3]    879.283   941.188  1074.020 1.001 10000
N.est[39,3]    872.653   936.979  1081.936 1.001  4200
N.est[40,3]   1030.987  1109.773  1288.626 1.001  3700
N.est[1,4]       0.763     0.987     1.620 1.002  2100
N.est[2,4]       0.835     1.078     1.745 1.001  2700
N.est[3,4]       0.920     1.135     1.654 1.001 10000
N.est[4,4]       1.006     1.081     1.244 1.001  8400
N.est[5,4]       1.161     1.249     1.437 1.001  3200
N.est[6,4]       4.690     5.010     5.727 1.001 10000
N.est[7,4]      10.979    11.754    13.415 1.001 10000
N.est[8,4]      25.468    27.339    31.326 1.001  5700
N.est[9,4]      35.271    42.613    60.774 1.001 10000
N.est[10,4]     48.782    58.991    85.036 1.001 10000
N.est[11,4]     68.008    73.038    83.754 1.001  8900
N.est[12,4]     85.426    91.576   104.110 1.001  6700
N.est[13,4]     75.562    80.749    92.730 1.002  1700
N.est[14,4]     56.888    60.883    69.161 1.001 10000
N.est[15,4]     41.783    44.833    51.272 1.001  3000
N.est[16,4]     44.232    47.536    54.447 1.001  9800
N.est[17,4]     50.072    61.016    89.158 1.002  1800
N.est[18,4]     56.735    70.722   107.062 1.001  4500
N.est[19,4]     64.117    78.578   113.845 1.001  3700
N.est[20,4]     72.540    77.968    90.026 1.001 10000
N.est[21,4]     86.337   101.515   138.370 1.001 10000
N.est[22,4]    102.839   110.281   126.288 1.001 10000
N.est[23,4]    110.564   118.485   135.594 1.001 10000
N.est[24,4]    115.565   135.175   183.423 1.001 10000
N.est[25,4]    120.394   129.065   147.978 1.001 10000
N.est[26,4]    105.888   113.704   130.415 1.001  3200
N.est[27,4]    181.502   194.803   222.008 1.001  8500
N.est[28,4]    255.559   273.133   312.710 1.001 10000
N.est[29,4]    264.289   282.793   323.433 1.001  6100
N.est[30,4]    317.837   340.184   387.129 1.001  8400
N.est[31,4]    468.231   501.583   572.620 1.001 10000
N.est[32,4]    505.943   542.442   621.330 1.001  2700
N.est[33,4]   1105.041  1183.706  1352.273 1.001 10000
N.est[34,4]   1770.380  1890.747  2148.670 1.001 10000
N.est[35,4]   2006.556  2150.957  2455.982 1.001 10000
N.est[36,4]   2076.786  2228.731  2540.997 1.001 10000
N.est[37,4]   2471.813  2646.631  3020.149 1.001 10000
N.est[38,4]   2338.219  2506.051  2857.262 1.001 10000
N.est[39,4]   1864.201  2001.079  2304.597 1.001  4300
N.est[40,4]   2289.355  2462.887  2845.526 1.001  3300
N.est[1,5]   22765.660 24476.512 28201.119 1.001 10000
N.est[2,5]   22072.483 27349.375 42196.764 1.001 10000
N.est[3,5]   21353.091 28116.039 47495.555 1.001 10000
N.est[4,5]   20558.140 27918.549 48980.059 1.001 10000
N.est[5,5]   20060.517 26843.413 47765.501 1.001 10000
N.est[6,5]   19359.729 25267.512 43148.318 1.001  2600
N.est[7,5]   18718.375 23261.110 35343.188 1.002  1800
N.est[8,5]   18129.080 19524.035 22528.788 1.001 10000
N.est[9,5]   14888.476 18094.791 26594.574 1.001  8100
N.est[10,5]  12292.979 15367.529 23875.797 1.001  3700
N.est[11,5]  10093.273 12293.385 18017.003 1.001  3400
N.est[12,5]   8294.496  8890.523 10142.646 1.001  2900
N.est[13,5]   6352.123  6811.137  7747.631 1.001  8700
N.est[14,5]   6774.687  7242.009  8260.037 1.001  2500
N.est[15,5]   2785.248  2992.490  3426.764 1.001  3100
N.est[16,5]   4381.612  4688.729  5337.254 1.001 10000
N.est[17,5]   4172.008  4466.197  5084.932 1.001  6500
N.est[18,5]   3287.396  3529.561  4003.452 1.001 10000
N.est[19,5]   2718.291  2907.748  3326.085 1.002  2400
N.est[20,5]   2058.166  2205.976  2502.958 1.001 10000
N.est[21,5]   2310.811  2479.814  2837.179 1.001 10000
N.est[22,5]   2219.424  2376.528  2728.517 1.001 10000
N.est[23,5]   2101.376  2251.812  2574.061 1.001 10000
N.est[24,5]   2125.659  2275.686  2601.172 1.002  1500
N.est[25,5]   1971.490  2117.681  2414.340 1.001 10000
N.est[26,5]   2176.869  2329.432  2655.647 1.001 10000
N.est[27,5]   2067.050  2207.788  2516.496 1.001 10000
N.est[28,5]   2003.794  2143.195  2439.128 1.001 10000
N.est[29,5]   1557.990  1671.352  1907.789 1.001 10000
N.est[30,5]   1569.123  1679.625  1908.880 1.001 10000
N.est[31,5]   1299.493  1391.327  1593.281 1.001  7600
N.est[32,5]   1391.712  1491.302  1704.850 1.001  5900
N.est[33,5]   1033.652  1108.482  1270.474 1.001  6300
N.est[34,5]   1267.317  1356.520  1551.141 1.001 10000
N.est[35,5]   1242.479  1328.685  1512.735 1.001 10000
N.est[36,5]   1159.525  1242.601  1418.426 1.001 10000
N.est[37,5]   1172.389  1252.880  1438.433 1.001  6000
N.est[38,5]   1312.769  1407.238  1607.745 1.001 10000
N.est[39,5]    975.943  1048.968  1207.844 1.001 10000
N.est[40,5]    898.143   967.568  1118.698 1.001 10000
N.est[1,6]   13950.993 14966.348 17124.642 1.001 10000
N.est[2,6]   14856.910 15948.601 18322.858 1.001 10000
N.est[3,6]   15700.496 19185.688 28957.461 1.001 10000
N.est[4,6]   16508.700 21118.651 34001.273 1.001 10000
N.est[5,6]   17496.573 22273.466 35506.372 1.001 10000
N.est[6,6]   18417.035 22427.949 33313.573 1.001 10000
N.est[7,6]   19279.330 20790.015 23949.734 1.001 10000
N.est[8,6]   19324.103 24156.641 36569.098 1.001 10000
N.est[9,6]   19353.828 25463.632 43567.291 1.001  2600
N.est[10,6]  19341.447 26316.750 46830.592 1.002  1900
N.est[11,6]  19344.581 26717.297 48521.316 1.002  2200
N.est[12,6]  19350.408 26470.122 47956.196 1.002  2500
N.est[13,6]  19374.315 25521.746 42817.243 1.001  3900
N.est[14,6]  19390.446 24076.310 36205.976 1.001 10000
N.est[15,6]  19355.498 20852.028 24041.593 1.001 10000
N.est[16,6]  18302.372 22545.398 34416.922 1.001 10000
N.est[17,6]  17310.961 22483.815 37037.407 1.001  9300
N.est[18,6]  16554.947 21840.442 37498.288 1.002  2300
N.est[19,6]  15732.786 20425.287 33489.226 1.001  6800
N.est[20,6]  14922.167 18465.658 27522.308 1.001  7200
N.est[21,6]  14222.674 15283.542 17518.073 1.001 10000
N.est[22,6]  15217.268 16254.962 18589.751 1.002  1900
N.est[23,6]  16296.699 17472.075 19892.049 1.001  3200
N.est[24,6]  12368.790 14577.430 20095.485 1.001 10000
N.est[25,6]   9433.198 10112.006 11559.213 1.001 10000
N.est[26,6]   9330.141  9991.239 11380.935 1.001  9700
N.est[27,6]   4735.130  5069.693  5831.939 1.001  9100
N.est[28,6]   7303.538  7829.237  8941.824 1.001  6300
N.est[29,6]   4812.842  5170.745  5915.279 1.001 10000
N.est[30,6]   7311.644  7843.582  8963.212 1.001  7100
N.est[31,6]   6934.151  7439.587  8512.663 1.001 10000
N.est[32,6]   7523.393  8862.834 12106.263 1.001 10000
N.est[33,6]   8221.927  8815.671 10095.515 1.001  8200
N.est[34,6]   6864.374  7351.422  8368.139 1.001 10000
N.est[35,6]   7641.138  8189.466  9368.224 1.001  5200
N.est[36,6]   8451.348  9058.281 10321.093 1.001 10000
N.est[37,6]   7573.028  8091.929  9230.637 1.001 10000
N.est[38,6]   6233.544  6691.563  7617.647 1.001 10000
N.est[39,6]   6138.191  6601.578  7591.872 1.001 10000
N.est[40,6]   6006.291  6469.936  7473.360 1.001 10000
N.est[1,7]     556.175   707.409  1104.720 1.001 10000
N.est[2,7]     573.593   698.618  1034.733 1.001 10000
N.est[3,7]     584.955   629.389   727.375 1.001 10000
N.est[4,7]     711.558   879.262  1314.200 1.001  3100
N.est[5,7]     871.659  1150.190  1965.152 1.002  1900
N.est[6,7]    1068.052  1466.196  2650.116 1.001  4500
N.est[7,7]    1315.680  1830.025  3411.516 1.001 10000
N.est[8,7]    1609.382  2232.799  4172.933 1.001  4300
N.est[9,7]    1956.137  2690.394  4927.075 1.001  4400
N.est[10,7]   2401.938  3177.531  5367.404 1.001 10000
N.est[11,7]   2946.514  3634.914  5428.129 1.001 10000
N.est[12,7]   3576.649  3833.992  4397.053 1.001 10000
N.est[13,7]   3263.339  3499.415  4007.190 1.001 10000
N.est[14,7]   3582.048  3832.115  4359.503 1.001  4100
N.est[15,7]   2447.275  2626.769  3020.502 1.001 10000
N.est[16,7]   2883.440  3397.504  4633.421 1.001 10000
N.est[17,7]   3442.665  3694.592  4248.047 1.001  4100
N.est[18,7]   2465.326  2897.626  3950.327 1.001 10000
N.est[19,7]   1763.402  1894.402  2185.686 1.001 10000
N.est[20,7]   2571.142  3027.934  4110.216 1.001 10000
N.est[21,7]   3761.830  4032.367  4625.328 1.001 10000
N.est[22,7]   4126.008  4412.520  5026.170 1.001  8500
N.est[23,7]   4838.206  5193.506  5925.750 1.001  6700
N.est[24,7]   2346.374  2761.411  3747.073 1.001 10000
N.est[25,7]   1130.645  1214.406  1412.724 1.001  7400
N.est[26,7]   2704.040  2889.606  3296.603 1.001 10000
N.est[27,7]   3102.740  3320.118  3788.785 1.001  2700
N.est[28,7]   2694.798  2879.398  3296.341 1.001 10000
N.est[29,7]   1587.933  1701.907  1950.945 1.001  2600
N.est[30,7]   2610.222  2795.962  3187.459 1.001 10000
N.est[31,7]   2625.465  2812.613  3201.168 1.001 10000
N.est[32,7]   2622.238  3066.419  4208.947 1.001 10000
N.est[33,7]   2612.139  2809.146  3215.485 1.001 10000
N.est[34,7]   2718.659  2910.652  3314.823 1.001 10000
N.est[35,7]   1142.210  1228.898  1415.997 1.001  2900
N.est[36,7]   2593.974  2781.549  3167.013 1.001  3300
N.est[37,7]   2797.359  2999.530  3423.378 1.001 10000
N.est[38,7]   2613.213  2796.795  3196.145 1.001  9900
N.est[39,7]   2277.588  2445.908  2820.543 1.001 10000
N.est[40,7]   2363.713  2544.838  2940.143 1.001 10000
N.est[1,8]    1092.283  1483.246  2626.479 1.001 10000
N.est[2,8]    1112.709  1556.041  2890.298 1.001 10000
N.est[3,8]    1132.472  1596.706  3065.279 1.001 10000
N.est[4,8]    1147.783  1596.312  3031.640 1.001  6300
N.est[5,8]    1158.974  1603.600  2911.557 1.001  5300
N.est[6,8]    1169.132  1559.646  2655.589 1.001 10000
N.est[7,8]    1186.177  1468.808  2218.334 1.001 10000
N.est[8,8]    1199.094  1290.515  1487.366 1.001 10000
N.est[9,8]    2097.187  2244.422  2564.776 1.001 10000
N.est[10,8]   2625.450  3081.331  4226.556 1.001 10000
N.est[11,8]   3324.848  3567.682  4072.321 1.001 10000
N.est[12,8]   3528.094  3782.672  4322.953 1.001  7800
N.est[13,8]   3552.618  4175.396  5697.002 1.002  1300
N.est[14,8]   3563.579  3821.509  4380.693 1.001  7800
N.est[15,8]   3489.346  3731.663  4261.940 1.001 10000
N.est[16,8]   2239.709  2396.466  2741.659 1.001 10000
N.est[17,8]   2273.128  2430.808  2767.357 1.001  4100
N.est[18,8]   2400.832  2567.865  2933.857 1.001 10000
N.est[19,8]   2649.617  2842.507  3247.294 1.001 10000
N.est[20,8]   2870.211  3068.702  3488.604 1.002  2100
N.est[21,8]   3006.716  3223.627  3680.177 1.001 10000
N.est[22,8]   2825.372  3031.208  3464.868 1.001 10000
N.est[23,8]   2700.171  2892.796  3300.780 1.001 10000
N.est[24,8]   3307.808  3538.071  4027.028 1.001  8400
N.est[25,8]   2760.593  2961.526  3352.817 1.001 10000
N.est[26,8]   2129.524  2277.308  2599.783 1.001  5700
N.est[27,8]   2362.530  2526.386  2871.810 1.001 10000
N.est[28,8]   1883.529  2019.715  2309.634 1.001 10000
N.est[29,8]   2089.267  2234.040  2555.636 1.001 10000
N.est[30,8]   3010.674  3219.758  3675.815 1.001 10000
N.est[31,8]   2651.510  2838.232  3244.112 1.001 10000
N.est[32,8]   3111.052  3333.961  3785.217 1.001 10000
N.est[33,8]   3121.669  3341.380  3814.299 1.001 10000
N.est[34,8]   3265.269  3496.964  3987.333 1.001 10000
N.est[35,8]   3017.410  3231.175  3679.111 1.001 10000
N.est[36,8]   2512.134  2691.989  3079.414 1.001 10000
N.est[37,8]   2633.300  2827.096  3245.307 1.001 10000
N.est[38,8]   2698.768  3413.029  5390.351 1.001 10000
N.est[39,8]   2746.055  3816.862  7056.153 1.001 10000
N.est[40,8]   2818.795  3947.445  7425.509 1.001 10000
N.est[1,9]     770.754  1046.834  1830.059 1.001 10000
N.est[2,9]     776.289  1076.318  1972.477 1.001 10000
N.est[3,9]     774.191  1085.944  2097.187 1.001 10000
N.est[4,9]     777.151  1092.518  2090.726 1.001 10000
N.est[5,9]     781.147  1068.335  1955.640 1.001 10000
N.est[6,9]     782.856  1032.580  1761.393 1.001 10000
N.est[7,9]     783.117   972.217  1475.376 1.001 10000
N.est[8,9]     786.333   845.992   977.295 1.001 10000
N.est[9,9]    1329.964  1428.446  1640.424 1.001 10000
N.est[10,9]   1752.029  2061.338  2819.168 1.001  9800
N.est[11,9]   2306.861  2476.563  2822.672 1.001 10000
N.est[12,9]   1993.533  2139.138  2458.937 1.001 10000
N.est[13,9]   2189.154  2583.896  3513.274 1.001 10000
N.est[14,9]   2411.641  2581.212  2954.655 1.001 10000
N.est[15,9]   2639.362  2823.506  3215.094 1.001 10000
N.est[16,9]   2773.088  2962.674  3385.797 1.001 10000
N.est[17,9]   3208.310  3434.829  3891.029 1.001  2500
N.est[18,9]   2605.723  2789.707  3173.694 1.001  5900
N.est[19,9]   1932.562  2068.267  2349.148 1.001 10000
N.est[20,9]   1606.468  1712.797  1960.755 1.001 10000
N.est[21,9]   1684.922  1806.781  2069.924 1.002  1500
N.est[22,9]   1435.663  1543.152  1760.812 1.001  3700
N.est[23,9]   2153.477  2301.676  2622.417 1.001 10000
N.est[24,9]   2160.204  2313.614  2641.783 1.001 10000
N.est[25,9]   1996.677  2138.539  2444.930 1.001 10000
N.est[26,9]    951.872  1020.476  1165.847 1.001 10000
N.est[27,9]   1018.560  1089.661  1244.569 1.001 10000
N.est[28,9]    709.932   758.957   868.328 1.001 10000
N.est[29,9]    453.894   486.661   556.573 1.002  2100
N.est[30,9]    589.360   631.372   717.951 1.001  5100
N.est[31,9]    616.541   660.222   754.460 1.001  5600
N.est[32,9]    647.554   693.123   788.116 1.001 10000
N.est[33,9]    580.345   622.161   712.115 1.001 10000
N.est[34,9]    558.604   598.727   682.995 1.001  7100
N.est[35,9]    603.450   647.447   741.331 1.001  2700
N.est[36,9]    650.033   696.719   793.157 1.001  5300
N.est[37,9]    501.994   540.739   617.273 1.001 10000
N.est[38,9]    496.570   632.575   992.564 1.001 10000
N.est[39,9]    488.114   683.584  1262.692 1.001  7100
N.est[40,9]    482.608   681.899  1283.909 1.001  6900
N.est[1,10]    373.608   506.094   899.903 1.001  8600
N.est[2,10]    382.485   527.893   970.469 1.001  9000
N.est[3,10]    386.084   541.652  1027.568 1.001  5400
N.est[4,10]    388.367   546.549  1035.328 1.001 10000
N.est[5,10]    396.355   542.833   992.394 1.001 10000
N.est[6,10]    401.652   527.832   905.539 1.001 10000
N.est[7,10]    407.042   505.017   772.072 1.001 10000
N.est[8,10]    410.858   440.474   506.521 1.001  7000
N.est[9,10]    652.382   700.127   800.290 1.001 10000
N.est[10,10]   753.742   903.946  1293.906 1.001  5400
N.est[11,10]   869.980  1054.871  1500.370 1.001 10000
N.est[12,10]  1009.630  1085.223  1244.329 1.001 10000
N.est[13,10]   843.108   994.178  1366.818 1.001 10000
N.est[14,10]   704.741   756.314   865.706 1.001 10000
N.est[15,10]   704.400   754.435   860.283 1.001  4600
N.est[16,10]   661.441   708.867   809.711 1.001 10000
N.est[17,10]   480.189   515.257   588.941 1.001  8600
N.est[18,10]   397.030   425.413   488.184 1.001 10000
N.est[19,10]   429.230   459.300   524.170 1.001 10000
N.est[20,10]   445.523   476.567   542.754 1.001 10000
N.est[21,10]   481.180   515.665   584.612 1.001 10000
N.est[22,10]   390.155   419.064   479.430 1.001  7000
N.est[23,10]   506.310   540.965   616.744 1.001  6600
N.est[24,10]   509.870   546.662   623.568 1.001 10000
N.est[25,10]   542.727   580.446   663.286 1.001 10000
N.est[26,10]   649.259   694.943   790.927 1.001 10000
N.est[27,10]   613.933   659.342   757.815 1.001 10000
N.est[28,10]   594.346   698.171   955.627 1.001 10000
N.est[29,10]   576.595   618.626   707.023 1.001  4000
N.est[30,10]   646.683   691.891   789.730 1.001 10000
N.est[31,10]   822.703   878.663  1006.057 1.001  4700
N.est[32,10]   842.463   901.504  1029.982 1.001 10000
N.est[33,10]   775.156   830.976   950.716 1.001  3100
N.est[34,10]   758.133   812.820   929.043 1.001 10000
N.est[35,10]   846.210   906.066  1033.181 1.001 10000
N.est[36,10]   897.221   960.833  1091.858 1.001 10000
N.est[37,10]  1071.142  1148.926  1324.450 1.001  6100
N.est[38,10]  1099.521  1397.924  2176.241 1.001  5300
N.est[39,10]  1143.415  1580.047  3004.590 1.001  3900
N.est[40,10]  1178.225  1642.260  3192.815 1.001  3700
N.est[1,11]    310.668   419.666   733.238 1.001 10000
N.est[2,11]    317.162   439.284   813.471 1.001 10000
N.est[3,11]    318.702   444.183   852.943 1.001 10000
N.est[4,11]    324.170   450.452   861.810 1.001 10000
N.est[5,11]    327.427   452.829   828.464 1.001  5900
N.est[6,11]    332.788   445.953   752.387 1.001  8000
N.est[7,11]    334.975   418.300   639.540 1.001 10000
N.est[8,11]    339.272   363.942   419.701 1.001  4400
N.est[9,11]    470.189   503.933   572.809 1.001 10000
N.est[10,11]   869.094   932.050  1062.618 1.001 10000
N.est[11,11]   780.441   921.770  1263.496 1.001  4000
N.est[12,11]   708.773   762.343   877.639 1.001 10000
N.est[13,11]   694.966   818.728  1120.933 1.001  3100
N.est[14,11]   676.577   724.623   830.493 1.001  3800
N.est[15,11]   718.157   769.434   876.993 1.001  3500
N.est[16,11]   531.617   568.851   647.896 1.002  1800
N.est[17,11]   590.004   631.406   718.839 1.001 10000
N.est[18,11]   506.522   543.085   621.093 1.001 10000
N.est[19,11]   507.828   543.447   620.471 1.001 10000
N.est[20,11]   468.341   501.696   571.209 1.001  4400
N.est[21,11]   464.651   496.677   567.236 1.001  3400
N.est[22,11]   368.264   394.487   454.138 1.001 10000
N.est[23,11]   366.106   392.174   447.042 1.001 10000
N.est[24,11]   400.758   429.622   491.460 1.001 10000
N.est[25,11]   380.733   407.443   465.556 1.001 10000
N.est[26,11]   439.498   469.915   538.215 1.001 10000
N.est[27,11]   456.842   489.900   559.294 1.001 10000
N.est[28,11]   373.373   399.398   456.586 1.001  7000
N.est[29,11]   452.277   484.646   551.906 1.002  2500
N.est[30,11]   483.016   516.412   589.168 1.001  4600
N.est[31,11]   600.940   643.229   732.435 1.001  3600
N.est[32,11]   598.174   639.987   730.038 1.001 10000
N.est[33,11]   621.089   666.164   760.964 1.001 10000
N.est[34,11]   626.799   672.843   767.095 1.002  2100
N.est[35,11]   727.199   780.312   890.709 1.001 10000
N.est[36,11]   869.293   931.135  1070.419 1.001  7000
N.est[37,11]  1171.478  1258.849  1446.309 1.001 10000
N.est[38,11]  1210.889  1536.673  2382.118 1.001 10000
N.est[39,11]  1252.041  1745.525  3280.607 1.001  3100
N.est[40,11]  1299.516  1831.460  3490.922 1.001  3000
Ntot[1]      52834.338 55098.447 59810.487 1.001 10000
Ntot[2]      52297.966 58436.783 73767.010 1.001 10000
Ntot[3]      52311.920 60409.520 82306.634 1.001 10000
Ntot[4]      52070.334 61292.716 84990.894 1.001 10000
Ntot[5]      51284.679 60542.492 83763.601 1.001 10000
Ntot[6]      50389.666 58242.378 79288.716 1.001  2900
Ntot[7]      49282.910 54496.322 67570.815 1.001  3200
Ntot[8]      48147.439 53311.454 65946.447 1.001 10000
Ntot[9]      47102.550 54188.906 72754.337 1.001 10000
Ntot[10]     48721.733 56352.180 77992.034 1.002  1800
Ntot[11]     49780.631 57569.567 79551.336 1.001  2600
Ntot[12]     48800.410 56152.563 77640.334 1.001  3300
Ntot[13]     47487.596 53719.617 71570.556 1.002  1900
Ntot[14]     47216.538 51939.553 64278.729 1.001 10000
Ntot[15]     42170.653 43798.833 47323.103 1.001 10000
Ntot[16]     44342.113 48673.614 60474.339 1.001 10000
Ntot[17]     44191.347 49437.341 64041.194 1.001  6900
Ntot[18]     41473.699 46735.854 62684.165 1.002  1700
Ntot[19]     38878.076 43644.578 56696.062 1.001  7700
Ntot[20]     40424.104 44048.060 53200.380 1.001  7800
Ntot[21]     46345.477 47940.934 51129.213 1.002  1400
Ntot[22]     50362.529 52083.247 55643.511 1.001  2700
Ntot[23]     57726.199 59672.919 63754.554 1.002  1700
Ntot[24]     54053.704 56821.590 63074.982 1.001 10000
Ntot[25]     46468.245 48204.911 51828.872 1.001 10000
Ntot[26]     51540.981 53469.244 57435.894 1.001 10000
Ntot[27]     44638.355 46315.676 49859.313 1.001 10000
Ntot[28]     36670.036 37883.530 40394.486 1.001  4600
Ntot[29]     29691.172 30671.853 32679.582 1.001  5700
Ntot[30]     27722.666 28508.436 30112.234 1.001  7800
Ntot[31]     24610.166 25304.702 26809.059 1.001  4800
Ntot[32]     25710.628 27179.868 30598.136 1.001 10000
Ntot[33]     24577.069 25319.279 26908.463 1.001 10000
Ntot[34]     23131.501 23755.976 25057.888 1.001 10000
Ntot[35]     21852.426 22517.672 23920.662 1.001 10000
Ntot[36]     23373.830 24074.264 25501.402 1.001 10000
Ntot[37]     23772.490 24449.976 25800.138 1.001 10000
Ntot[38]     22454.605 23450.485 25772.777 1.001 10000
Ntot[39]     21660.904 23091.131 26751.406 1.001 10000
Ntot[40]     22431.344 23950.922 27852.294 1.001 10000
logNtot[1]      10.875    10.917    10.999 1.001 10000
logNtot[2]      10.865    10.976    11.209 1.001 10000
logNtot[3]      10.865    11.009    11.318 1.001 10000
logNtot[4]      10.860    11.023    11.350 1.001 10000
logNtot[5]      10.845    11.011    11.336 1.001 10000
logNtot[6]      10.828    10.972    11.281 1.001  3000
logNtot[7]      10.805    10.906    11.121 1.001  3200
logNtot[8]      10.782    10.884    11.097 1.001 10000
logNtot[9]      10.760    10.900    11.195 1.001 10000
logNtot[10]     10.794    10.939    11.264 1.002  1800
logNtot[11]     10.815    10.961    11.284 1.001  2600
logNtot[12]     10.795    10.936    11.260 1.001  3300
logNtot[13]     10.768    10.892    11.178 1.002  1900
logNtot[14]     10.762    10.858    11.071 1.001 10000
logNtot[15]     10.649    10.687    10.765 1.001 10000
logNtot[16]     10.700    10.793    11.010 1.001 10000
logNtot[17]     10.696    10.808    11.067 1.001  7100
logNtot[18]     10.633    10.752    11.046 1.002  1800
logNtot[19]     10.568    10.684    10.945 1.001  7800
logNtot[20]     10.607    10.693    10.882 1.001  7800
logNtot[21]     10.744    10.778    10.842 1.002  1400
logNtot[22]     10.827    10.861    10.927 1.001  2700
logNtot[23]     10.963    10.997    11.063 1.002  1700
logNtot[24]     10.898    10.948    11.052 1.001 10000
logNtot[25]     10.747    10.783    10.856 1.001 10000
logNtot[26]     10.850    10.887    10.958 1.001 10000
logNtot[27]     10.706    10.743    10.817 1.001 10000
logNtot[28]     10.510    10.542    10.606 1.001  4500
logNtot[29]     10.299    10.331    10.395 1.001  5700
logNtot[30]     10.230    10.258    10.313 1.001  7700
logNtot[31]     10.111    10.139    10.196 1.001  4800
logNtot[32]     10.155    10.210    10.329 1.001 10000
logNtot[33]     10.110    10.139    10.200 1.001 10000
logNtot[34]     10.049    10.076    10.129 1.001 10000
logNtot[35]      9.992    10.022    10.082 1.001 10000
logNtot[36]     10.059    10.089    10.146 1.001 10000
logNtot[37]     10.076    10.104    10.158 1.001 10000
logNtot[38]     10.019    10.063    10.157 1.001 10000
logNtot[39]      9.983    10.047    10.194 1.001 10000
logNtot[40]     10.018    10.084    10.235 1.001 10000
mean.r[1]        0.003     0.039     0.107 1.003   730
mean.r[2]        0.192     0.228     0.300 1.001 10000
mean.r[3]        0.220     0.258     0.328 1.001  9700
mean.r[4]        0.259     0.295     0.367 1.001 10000
mean.r[5]       -0.030     0.006     0.075 1.001 10000
mean.r[6]        0.031     0.067     0.136 1.002  2200
mean.r[7]        0.090     0.127     0.196 1.001 10000
mean.r[8]        0.077     0.114     0.186 1.002  1700
mean.r[9]        0.041     0.078     0.151 1.001 10000
mean.r[10]       0.081     0.119     0.193 1.001 10000
mean.r[11]       0.090     0.128     0.201 1.002  1600
r.proj[1]       -0.049    -0.047    -0.041 1.001  7500
r.proj[2]        0.138     0.146     0.160 1.001  6500
r.proj[3]        0.167     0.175     0.190 1.001  4900
r.proj[4]        0.205     0.212     0.226 1.002  1400
r.proj[5]       -0.083    -0.080    -0.074 1.001 10000
r.proj[6]       -0.022    -0.019    -0.013 1.001 10000
r.proj[7]        0.037     0.044     0.056 1.001  8900
r.proj[8]        0.024     0.036     0.059 1.001 10000
r.proj[9]       -0.012     0.000     0.023 1.001  6100
r.proj[10]       0.029     0.042     0.065 1.001  2700
r.proj[11]       0.037     0.049     0.072 1.001  4400
r.tot[2]        -0.009     0.097     0.323 1.001 10000
r.tot[3]        -0.003     0.114     0.339 1.001 10000
r.tot[4]        -0.010     0.110     0.334 1.001 10000
r.tot[5]        -0.011     0.109     0.333 1.001  7500
r.tot[6]        -0.020     0.100     0.322 1.002  2200
r.tot[7]        -0.017     0.098     0.318 1.001 10000
r.tot[8]        -0.023     0.096     0.336 1.001  6800
r.tot[9]        -0.024     0.090     0.313 1.001 10000
r.tot[10]        0.032     0.138     0.347 1.001  2800
r.tot[11]        0.028     0.129     0.331 1.001 10000
r.tot[12]       -0.016     0.080     0.285 1.001 10000
r.tot[13]       -0.028     0.060     0.235 1.001 10000
r.tot[14]       -0.009     0.078     0.238 1.002  2100
r.tot[15]       -0.113    -0.031     0.109 1.001 10000
r.tot[16]        0.050     0.140     0.345 1.001 10000
r.tot[17]       -0.001     0.086     0.268 1.001  3800
r.tot[18]       -0.062     0.020     0.201 1.001  3500
r.tot[19]       -0.064     0.019     0.185 1.001  3400
r.tot[20]        0.035     0.117     0.269 1.001 10000
r.tot[21]        0.138     0.214     0.343 1.001 10000
r.tot[22]        0.083     0.128     0.214 1.001 10000
r.tot[23]        0.136     0.180     0.267 1.001 10000
r.tot[24]       -0.065    -0.008     0.103 1.001 10000
r.tot[25]       -0.150    -0.094     0.012 1.001  8200
r.tot[26]        0.103     0.152     0.243 1.001 10000
r.tot[27]       -0.143    -0.095     0.005 1.001 10000
r.tot[28]       -0.197    -0.150    -0.063 1.001 10000
r.tot[29]       -0.210    -0.168    -0.085 1.001 10000
r.tot[30]       -0.068    -0.028     0.047 1.001 10000
r.tot[31]       -0.120    -0.081    -0.005 1.001  2800
r.tot[32]        0.042     0.102     0.222 1.001 10000
r.tot[33]       -0.045     0.010     0.114 1.001 10000
r.tot[34]       -0.060    -0.023     0.049 1.001 10000
r.tot[35]       -0.056    -0.019     0.055 1.001 10000
r.tot[36]        0.067     0.107     0.180 1.001 10000
r.tot[37]        0.017     0.054     0.126 1.001 10000
r.tot[38]       -0.057    -0.009     0.091 1.001 10000
r.tot[39]       -0.034     0.018     0.126 1.001 10000
r.tot[40]        0.035     0.038     0.045 1.001 10000
sigma            0.325     0.334     0.355 1.084    31
deviance      -492.060  -454.256  -359.670 1.001  8000

For each parameter, n.eff is a crude measure of effective sample size,
and Rhat is the potential scale reduction factor (at convergence, Rhat=1).

DIC info (using the rule, pD = var(deviance)/2)
pD = 1352.1 and DIC = 868.5
DIC is an estimate of expected predictive error (lower deviance is better).
