-----------------------------------------------------

><> Run  Cape_gannet completed in 0 min and 52 sec <><
-----------------------------------------------------

><>><>><>><>><>><>><>><>><>><>><>><>><>><>
><> Input Cape_gannet census <><
><>><>><>><>><>><>><>><>><>><>><>><>><>><>

$assessment
[1] Cape_gannet
8 Levels: Afr_penguin Bluemarlin_Atl_CPUE Bluemarlin_ICCAT Cape_gannet ... StripedMarlin_IO_CPUE

$abundance
[1] census
Levels: census relative

$generation.length
[1] 20.2

$K.penalty
[1] FALSE

$sigma.obs.est
[1] TRUE

$sigma.obs.add
[1] 0.1

$sigma.proc.fixed
[1] FALSE

$prjr.type
[1] all
Levels: all

$proj.stoch
[1] FALSE

$start.year
[1] 1956

$end.year
[1] 2016


><>><>><>><>><>><>><>><>><>><>><>><>><>><>
><> Parameter Estimates Cape_gannet census <><
><>><>><>><>><>><>><>><>><>><>><>><>><>><>

               Median    LCI    UCI Geweke.p Heidelberger.p
r.Mercury      -0.024 -0.054  0.012    0.931          0.683
r.Ichaboe      -0.050 -0.082 -0.015    0.161          0.506
r.Possession   -0.059 -0.089 -0.026    0.954          0.001
r.Lamberts.Bay  0.013 -0.016  0.044    0.612          0.225
r.Malgas        0.005 -0.024  0.037    0.622          0.802
r.Algoa.Bay     0.030  0.001  0.062    0.246          0.399
sigma.proc      0.110  0.076  0.155    0.115          0.391

><>><>><>><>><>><>><>><>><>><>><>><>><>><>
><> JAGS output Cape_gannet census <><
><>><>><>><>><>><>><>><>><>><>><>><>><>><>

Inference for Bugs model at "C:/Work/Research/Github/JARA//Cape_gannet/output1/jara.jags", fit using jags,
 2 chains, each with 6000 iterations (first 1000 discarded)
 n.sims = 10000 iterations saved
            mu.vect sd.vect    2.5%     25%     50%     75%   97.5%  Rhat n.eff
N.est[1,1]    8.674   1.771   5.667   7.425   8.502   9.756  12.629 1.002  1700
N.est[2,1]    8.235   1.805   5.291   6.927   8.064   9.292  12.357 1.001  3000
N.est[3,1]    7.808   1.802   4.872   6.522   7.590   8.858  11.893 1.001  2600
N.est[4,1]    7.412   1.765   4.575   6.160   7.203   8.411  11.564 1.001  5000
N.est[5,1]    7.030   1.703   4.323   5.828   6.817   8.008  10.947 1.001  5900
N.est[6,1]    6.666   1.639   4.054   5.520   6.468   7.580  10.508 1.001  4200
N.est[7,1]    6.306   1.532   3.862   5.254   6.112   7.139   9.897 1.001 10000
N.est[8,1]    5.966   1.401   3.728   4.988   5.818   6.747   9.166 1.001 10000
N.est[9,1]    5.630   1.264   3.599   4.742   5.494   6.356   8.585 1.001 10000
N.est[10,1]   5.313   1.111   3.477   4.529   5.198   5.962   7.808 1.001 10000
N.est[11,1]   5.014   0.956   3.386   4.340   4.936   5.588   7.109 1.001 10000
N.est[12,1]   4.729   0.783   3.379   4.183   4.657   5.204   6.447 1.001 10000
N.est[13,1]   4.383   0.740   3.114   3.864   4.325   4.838   6.003 1.001  2700
N.est[14,1]   4.053   0.671   2.881   3.583   4.005   4.465   5.509 1.003   730
N.est[15,1]   4.055   0.747   2.777   3.527   4.000   4.503   5.727 1.003   740
N.est[16,1]   4.044   0.797   2.700   3.493   3.966   4.524   5.794 1.002  1100
N.est[17,1]   4.038   0.841   2.627   3.448   3.965   4.536   5.941 1.001  3300
N.est[18,1]   4.020   0.858   2.603   3.420   3.938   4.518   5.958 1.001 10000
N.est[19,1]   3.994   0.864   2.594   3.397   3.896   4.482   5.978 1.001 10000
N.est[20,1]   3.980   0.840   2.613   3.396   3.889   4.446   5.918 1.001 10000
N.est[21,1]   3.952   0.798   2.646   3.392   3.862   4.407   5.813 1.001  5300
N.est[22,1]   3.926   0.729   2.706   3.417   3.854   4.360   5.567 1.002  2000
N.est[23,1]   3.896   0.636   2.825   3.448   3.837   4.266   5.333 1.002  1300
N.est[24,1]   3.571   0.577   2.589   3.166   3.522   3.918   4.877 1.002  2400
N.est[25,1]   3.272   0.495   2.399   2.924   3.236   3.585   4.347 1.001  6900
N.est[26,1]   2.999   0.395   2.292   2.729   2.974   3.248   3.844 1.001 10000
N.est[27,1]   2.972   0.365   2.313   2.716   2.955   3.203   3.747 1.001  5600
N.est[28,1]   2.861   0.337   2.246   2.631   2.846   3.074   3.571 1.001  6900
N.est[29,1]   2.859   0.333   2.274   2.628   2.840   3.076   3.564 1.001 10000
N.est[30,1]   2.716   0.322   2.137   2.495   2.698   2.920   3.403 1.002  2400
N.est[31,1]   2.673   0.317   2.108   2.450   2.657   2.875   3.342 1.001  3900
N.est[32,1]   2.668   0.319   2.093   2.448   2.649   2.867   3.360 1.001  8000
N.est[33,1]   2.736   0.331   2.153   2.503   2.714   2.940   3.457 1.001  4000
N.est[34,1]   2.688   0.340   2.091   2.451   2.666   2.901   3.418 1.001  4400
N.est[35,1]   2.599   0.370   1.962   2.342   2.568   2.823   3.414 1.001  3600
N.est[36,1]   2.513   0.359   1.903   2.261   2.485   2.730   3.305 1.001  4500
N.est[37,1]   2.425   0.309   1.879   2.211   2.402   2.617   3.090 1.002  2300
N.est[38,1]   2.278   0.271   1.794   2.091   2.260   2.449   2.857 1.001  2700
N.est[39,1]   2.054   0.239   1.626   1.891   2.043   2.205   2.563 1.001  2700
N.est[40,1]   1.949   0.227   1.530   1.791   1.944   2.095   2.419 1.002  1900
N.est[41,1]   1.836   0.218   1.442   1.683   1.826   1.974   2.293 1.004   470
N.est[42,1]   1.729   0.213   1.349   1.583   1.717   1.864   2.184 1.004   420
N.est[43,1]   1.693   0.217   1.301   1.541   1.684   1.834   2.142 1.006   330
N.est[44,1]   1.735   0.250   1.291   1.561   1.724   1.890   2.274 1.003   700
N.est[45,1]   1.775   0.261   1.316   1.595   1.757   1.935   2.335 1.001  4200
N.est[46,1]   1.814   0.251   1.372   1.641   1.792   1.969   2.357 1.001 10000
N.est[47,1]   1.758   0.248   1.325   1.586   1.739   1.912   2.293 1.001 10000
N.est[48,1]   1.698   0.218   1.315   1.547   1.684   1.835   2.165 1.001 10000
N.est[49,1]   1.687   0.208   1.319   1.539   1.674   1.822   2.127 1.001 10000
N.est[50,1]   1.628   0.205   1.261   1.483   1.617   1.758   2.066 1.001 10000
N.est[51,1]   1.617   0.221   1.228   1.464   1.602   1.755   2.094 1.001 10000
N.est[52,1]   1.652   0.266   1.188   1.466   1.634   1.815   2.235 1.001  9300
N.est[53,1]   1.690   0.302   1.176   1.480   1.661   1.864   2.380 1.002  2200
N.est[54,1]   1.727   0.325   1.181   1.497   1.690   1.920   2.460 1.003   640
N.est[55,1]   1.759   0.337   1.197   1.517   1.726   1.968   2.497 1.003   610
N.est[56,1]   1.720   0.391   1.087   1.441   1.676   1.948   2.612 1.002  1100
N.est[57,1]   1.677   0.434   1.003   1.367   1.619   1.923   2.683 1.002  2000
N.est[58,1]   1.642   0.477   0.917   1.305   1.572   1.907   2.755 1.002  1800
N.est[59,1]   1.612   0.524   0.846   1.244   1.529   1.888   2.883 1.002  2100
N.est[60,1]   1.578   0.554   0.779   1.189   1.479   1.857   2.910 1.002  2400
N.est[61,1]   1.547   0.590   0.737   1.133   1.443   1.830   2.983 1.001  4600
N.est[62,1]   1.505   0.586   0.708   1.096   1.402   1.785   2.930 1.001  4800
N.est[63,1]   1.465   0.581   0.678   1.061   1.360   1.740   2.886 1.001  4900
N.est[1,2]  198.438  40.876 129.873 169.321 194.918 222.394 290.116 1.002  1400
N.est[2,2]  193.009  42.590 122.584 162.262 189.038 218.665 289.063 1.001  5300
N.est[3,2]  187.534  43.281 115.919 156.630 183.139 213.302 283.669 1.001 10000
N.est[4,2]  181.750  43.147 110.300 150.766 177.224 207.541 277.504 1.001 10000
N.est[5,2]  176.723  43.117 106.947 145.467 171.991 202.152 274.638 1.001 10000
N.est[6,2]  171.151  41.832 103.623 141.102 166.295 196.421 265.675 1.001 10000
N.est[7,2]  166.413  40.701 100.719 137.599 161.649 190.420 260.266 1.001  8600
N.est[8,2]  161.341  38.906  99.034 133.786 156.752 184.030 251.080 1.001  3100
N.est[9,2]  156.170  36.892  97.396 129.991 151.680 177.095 241.888 1.002  2100
N.est[10,2] 151.343  34.103  96.308 127.040 147.461 170.893 229.212 1.002  1500
N.est[11,2] 146.569  31.002  95.712 124.742 142.805 164.875 216.186 1.002   950
N.est[12,2] 141.524  27.217  95.388 122.442 138.786 157.784 202.031 1.002  1100
N.est[13,2] 132.992  28.049  87.030 113.213 130.059 149.221 196.730 1.002  1600
N.est[14,2] 124.957  27.857  79.494 105.330 121.662 140.862 188.636 1.002  2400
N.est[15,2] 117.237  27.170  73.235  98.121 114.410 132.119 178.744 1.001  3700
N.est[16,2] 109.892  25.783  68.512  91.852 106.932 124.282 168.717 1.001  6000
N.est[17,2] 102.804  24.230  64.212  85.926  99.954 116.330 158.822 1.001 10000
N.est[18,2]  96.226  22.315  59.595  80.700  93.519 108.780 147.510 1.001 10000
N.est[19,2]  90.099  20.226  56.830  75.896  87.884 101.751 137.158 1.001 10000
N.est[20,2]  84.049  18.127  54.889  71.297  82.067  94.405 125.303 1.001 10000
N.est[21,2]  78.644  15.758  52.140  67.669  77.082  87.945 113.781 1.002 10000
N.est[22,2]  73.338  13.251  50.397  63.964  72.220  81.357 102.481 1.001 10000
N.est[23,2]  68.304  10.397  50.250  61.029  67.691  74.857  90.716 1.001  9000
N.est[24,2]  63.597   9.572  46.970  56.818  62.876  69.678  84.147 1.001  6000
N.est[25,2]  59.011   7.918  45.122  53.579  58.410  63.903  76.090 1.001  3100
N.est[26,2]  55.665   7.302  42.709  50.631  55.115  60.237  71.296 1.002  1000
N.est[27,2]  53.743   7.347  40.601  48.603  53.310  58.328  69.542 1.002  1100
N.est[28,2]  51.603   6.447  40.083  47.111  51.244  55.674  65.244 1.001  3000
N.est[29,2]  50.658   6.129  39.617  46.446  50.283  54.560  63.680 1.001 10000
N.est[30,2]  48.580   6.031  37.926  44.377  48.114  52.369  61.502 1.001 10000
N.est[31,2]  48.335   6.562  36.815  43.755  47.797  52.345  62.917 1.001 10000
N.est[32,2]  47.884   6.123  37.229  43.599  47.424  51.646  61.192 1.001  6400
N.est[33,2]  47.286   5.996  36.701  43.072  46.816  51.101  60.139 1.002  1400
N.est[34,2]  45.066   5.934  34.702  40.934  44.644  48.745  57.976 1.003   810
N.est[35,2]  40.882   5.888  30.866  36.767  40.333  44.488  54.042 1.002  2300
N.est[36,2]  36.886   5.240  27.704  33.190  36.579  40.100  48.291 1.001  6200
N.est[37,2]  33.187   4.205  25.758  30.237  32.859  35.855  42.147 1.001 10000
N.est[38,2]  31.645   3.799  24.879  28.974  31.414  34.026  39.804 1.001  5800
N.est[39,2]  30.207   3.542  23.903  27.709  30.025  32.454  37.764 1.002  1100
N.est[40,2]  28.572   3.412  22.468  26.211  28.323  30.653  35.972 1.003   920
N.est[41,2]  26.583   3.215  20.819  24.337  26.349  28.630  33.546 1.002  1800
N.est[42,2]  23.632   2.851  18.488  21.659  23.465  25.431  29.651 1.001  3000
N.est[43,2]  20.999   2.689  16.097  19.149  20.850  22.672  26.680 1.001 10000
N.est[44,2]  18.850   2.734  14.041  16.953  18.652  20.555  24.723 1.001 10000
N.est[45,2]  16.882   2.484  12.453  15.151  16.700  18.397  22.200 1.002  1800
N.est[46,2]  15.111   2.054  11.417  13.689  14.967  16.435  19.387 1.002  1300
N.est[47,2]  13.863   1.951  10.339  12.512  13.762  15.078  18.001 1.002  1500
N.est[48,2]  12.704   1.644   9.764  11.553  12.620  13.741  16.228 1.002  1200
N.est[49,2]  11.787   1.480   9.178  10.749  11.701  12.726  15.025 1.001  2600
N.est[50,2]  11.083   1.431   8.521  10.096  10.995  11.993  14.074 1.002  1100
N.est[51,2]  10.978   1.501   8.302   9.937  10.872  11.928  14.195 1.001  7400
N.est[52,2]  10.659   1.726   7.652   9.442  10.529  11.746  14.368 1.001  8800
N.est[53,2]  10.322   1.827   7.204   9.028  10.184  11.420  14.378 1.001 10000
N.est[54,2]   9.975   1.833   6.875   8.665   9.812  11.121  14.037 1.001 10000
N.est[55,2]   9.652   1.784   6.624   8.384   9.511  10.726  13.547 1.001 10000
N.est[56,2]   9.184   2.043   5.824   7.748   8.989  10.353  13.870 1.001 10000
N.est[57,2]   8.735   2.244   5.184   7.153   8.453   9.996  13.897 1.001 10000
N.est[58,2]   8.331   2.405   4.646   6.657   7.998   9.589  13.947 1.001 10000
N.est[59,2]   7.936   2.532   4.164   6.173   7.552   9.229  14.081 1.001 10000
N.est[60,2]   7.570   2.643   3.752   5.743   7.110   8.910  14.054 1.001  5800
N.est[61,2]   7.204   2.702   3.367   5.346   6.707   8.538  13.836 1.001  6600
N.est[62,2]   6.827   2.610   3.147   5.034   6.344   8.100  13.266 1.001  6400
N.est[63,2]   6.471   2.521   2.931   4.740   5.999   7.694  12.715 1.001  6200
N.est[1,3]   21.330   4.341  14.116  18.264  20.846  23.951  30.954 1.001 10000
N.est[2,3]   20.504   4.484  13.236  17.287  20.033  23.182  30.518 1.001 10000
N.est[3,3]   19.679   4.548  12.292  16.456  19.208  22.375  29.937 1.001 10000
N.est[4,3]   18.869   4.544  11.543  15.690  18.304  21.476  29.152 1.001 10000
N.est[5,3]   18.080   4.446  10.952  14.950  17.547  20.536  28.226 1.001 10000
N.est[6,3]   17.256   4.289  10.461  14.262  16.697  19.660  27.155 1.001 10000
N.est[7,3]   16.522   4.140  10.052  13.633  16.021  18.814  25.934 1.001 10000
N.est[8,3]   15.785   3.897   9.696  13.012  15.269  17.964  24.823 1.001 10000
N.est[9,3]   15.075   3.598   9.465  12.535  14.624  17.138  23.528 1.001  3900
N.est[10,3]  14.379   3.298   9.082  12.047  13.952  16.284  21.886 1.002  1500
N.est[11,3]  13.687   2.958   8.927  11.595  13.342  15.426  20.423 1.003   660
N.est[12,3]  13.024   2.569   8.732  11.198  12.746  14.567  18.748 1.005   370
N.est[13,3]  11.893   2.548   7.761  10.082  11.605  13.391  17.683 1.005   350
N.est[14,3]  10.870   2.468   6.907   9.133  10.595  12.273  16.438 1.004   430
N.est[15,3]   9.924   2.323   6.229   8.286   9.661  11.233  15.266 1.003   790
N.est[16,3]   9.062   2.143   5.678   7.566   8.806  10.285  14.026 1.003   850
N.est[17,3]   8.259   1.967   5.132   6.866   8.022   9.359  12.824 1.002  1100
N.est[18,3]   7.515   1.766   4.710   6.282   7.291   8.500  11.599 1.002  1200
N.est[19,3]   6.832   1.564   4.328   5.740   6.640   7.728  10.397 1.002   990
N.est[20,3]   6.190   1.329   4.018   5.264   6.037   6.958   9.191 1.002  1600
N.est[21,3]   5.618   1.129   3.748   4.829   5.499   6.278   8.183 1.001  5200
N.est[22,3]   5.092   0.924   3.534   4.439   5.012   5.655   7.138 1.001 10000
N.est[23,3]   4.610   0.704   3.393   4.114   4.557   5.045   6.152 1.001 10000
N.est[24,3]   4.231   0.628   3.122   3.797   4.185   4.619   5.585 1.002  1800
N.est[25,3]   3.886   0.510   2.973   3.531   3.852   4.202   4.995 1.002  1500
N.est[26,3]   3.697   0.451   2.885   3.382   3.672   3.985   4.672 1.002  2100
N.est[27,3]   3.428   0.412   2.679   3.141   3.406   3.690   4.294 1.001 10000
N.est[28,3]   3.278   0.386   2.587   3.006   3.257   3.527   4.097 1.001  9100
N.est[29,3]   3.078   0.366   2.407   2.823   3.058   3.312   3.846 1.001 10000
N.est[30,3]   3.052   0.376   2.381   2.793   3.032   3.286   3.855 1.001 10000
N.est[31,3]   2.928   0.394   2.240   2.652   2.896   3.171   3.790 1.001  4900
N.est[32,3]   2.808   0.355   2.182   2.561   2.786   3.030   3.572 1.002  1500
N.est[33,3]   2.710   0.345   2.105   2.467   2.686   2.924   3.459 1.003   890
N.est[34,3]   2.545   0.341   1.954   2.303   2.519   2.754   3.280 1.004   510
N.est[35,3]   2.310   0.347   1.726   2.068   2.281   2.517   3.087 1.004   430
N.est[36,3]   2.090   0.314   1.562   1.873   2.061   2.275   2.817 1.005   360
N.est[37,3]   1.890   0.253   1.455   1.714   1.867   2.043   2.446 1.004   500
N.est[38,3]   1.531   0.183   1.208   1.403   1.521   1.644   1.925 1.001  8400
N.est[39,3]   1.264   0.152   0.985   1.158   1.258   1.361   1.580 1.001  3200
N.est[40,3]   1.114   0.135   0.863   1.020   1.108   1.200   1.397 1.002  1100
N.est[41,3]   1.061   0.125   0.835   0.975   1.054   1.140   1.320 1.001 10000
N.est[42,3]   1.099   0.147   0.848   0.997   1.085   1.187   1.427 1.008   230
N.est[43,3]   0.802   0.104   0.612   0.731   0.798   0.867   1.023 1.001 10000
N.est[44,3]   0.709   0.105   0.516   0.636   0.704   0.777   0.929 1.001  5000
N.est[45,3]   0.625   0.096   0.452   0.558   0.621   0.688   0.825 1.002  1700
N.est[46,3]   0.550   0.080   0.406   0.494   0.546   0.601   0.722 1.004   490
N.est[47,3]   0.516   0.076   0.382   0.464   0.511   0.564   0.678 1.004   500
N.est[48,3]   0.483   0.064   0.368   0.438   0.479   0.524   0.619 1.004   460
N.est[49,3]   0.459   0.059   0.355   0.418   0.455   0.496   0.586 1.003   620
N.est[50,3]   0.432   0.057   0.330   0.392   0.428   0.468   0.556 1.004   460
N.est[51,3]   0.422   0.058   0.317   0.381   0.418   0.460   0.546 1.003   580
N.est[52,3]   0.433   0.067   0.315   0.386   0.428   0.477   0.572 1.002  2000
N.est[53,3]   0.444   0.071   0.318   0.394   0.440   0.490   0.598 1.002  1900
N.est[54,3]   0.454   0.072   0.327   0.405   0.449   0.498   0.611 1.002  1900
N.est[55,3]   0.464   0.068   0.345   0.417   0.458   0.506   0.610 1.001  2600
N.est[56,3]   0.496   0.078   0.361   0.441   0.490   0.545   0.664 1.001  8800
N.est[57,3]   0.530   0.086   0.384   0.470   0.524   0.583   0.720 1.004   430
N.est[58,3]   0.526   0.094   0.369   0.459   0.518   0.582   0.738 1.007   270
N.est[59,3]   0.497   0.110   0.324   0.420   0.483   0.559   0.753 1.005   420
N.est[60,3]   0.468   0.119   0.287   0.384   0.452   0.534   0.747 1.004   520
N.est[61,3]   0.442   0.127   0.253   0.352   0.421   0.510   0.742 1.004   500
N.est[62,3]   0.415   0.122   0.235   0.329   0.394   0.479   0.703 1.004   500
N.est[63,3]   0.389   0.116   0.219   0.307   0.370   0.450   0.665 1.004   500
N.est[1,4]    5.349   1.084   3.529   4.591   5.255   6.014   7.728 1.001 10000
N.est[2,4]    5.249   1.152   3.312   4.424   5.142   5.953   7.777 1.001 10000
N.est[3,4]    5.140   1.193   3.185   4.304   5.008   5.832   7.838 1.001 10000
N.est[4,4]    5.032   1.202   3.078   4.178   4.886   5.730   7.763 1.001 10000
N.est[5,4]    4.919   1.189   3.008   4.091   4.785   5.595   7.599 1.001  7400
N.est[6,4]    4.806   1.158   2.902   3.992   4.678   5.482   7.438 1.001  5300
N.est[7,4]    4.689   1.118   2.860   3.896   4.570   5.342   7.234 1.001 10000
N.est[8,4]    4.584   1.068   2.809   3.827   4.472   5.214   7.045 1.001  5000
N.est[9,4]    4.474   0.996   2.798   3.764   4.384   5.062   6.671 1.001  2800
N.est[10,4]   4.364   0.914   2.801   3.718   4.289   4.919   6.402 1.002  1300
N.est[11,4]   4.253   0.819   2.824   3.678   4.183   4.753   6.055 1.003   860
N.est[12,4]   4.147   0.707   2.926   3.647   4.089   4.582   5.708 1.004   450
N.est[13,4]   4.135   0.722   2.875   3.634   4.081   4.583   5.705 1.005   420
N.est[14,4]   4.115   0.702   2.887   3.623   4.063   4.552   5.633 1.006   290
N.est[15,4]   4.323   0.823   2.906   3.743   4.263   4.835   6.089 1.006   320
N.est[16,4]   4.536   0.909   2.981   3.899   4.465   5.092   6.533 1.004   430
N.est[17,4]   4.740   0.987   3.036   4.055   4.654   5.336   6.909 1.003   600
N.est[18,4]   4.951   1.049   3.149   4.207   4.865   5.591   7.215 1.003   950
N.est[19,4]   5.179   1.089   3.315   4.413   5.078   5.849   7.542 1.002  1400
N.est[20,4]   5.411   1.111   3.520   4.642   5.313   6.072   7.797 1.002  1300
N.est[21,4]   5.647   1.090   3.752   4.893   5.549   6.282   8.024 1.002  1200
N.est[22,4]   5.882   1.028   4.095   5.172   5.812   6.511   8.079 1.002  2000
N.est[23,4]   6.131   0.915   4.505   5.492   6.071   6.704   8.123 1.001  5200
N.est[24,4]   6.519   0.949   4.850   5.845   6.468   7.121   8.572 1.001 10000
N.est[25,4]   6.918   0.895   5.339   6.297   6.863   7.501   8.805 1.001 10000
N.est[26,4]   7.242   0.872   5.662   6.635   7.188   7.797   9.068 1.001 10000
N.est[27,4]   7.488   0.890   5.875   6.860   7.447   8.068   9.352 1.001 10000
N.est[28,4]   7.863   0.921   6.158   7.217   7.816   8.466   9.787 1.001 10000
N.est[29,4]   8.708   1.008   6.921   8.000   8.649   9.346  10.853 1.001 10000
N.est[30,4]   9.326   1.077   7.408   8.579   9.266  10.007  11.631 1.002  1800
N.est[31,4]  10.131   1.204   7.997   9.292  10.040  10.881  12.713 1.004   560
N.est[32,4]  10.770   1.297   8.489   9.859  10.664  11.573  13.568 1.005   420
N.est[33,4]  10.760   1.282   8.494   9.850  10.681  11.559  13.478 1.002  1000
N.est[34,4]  10.695   1.260   8.478   9.813  10.610  11.500  13.400 1.001  2600
N.est[35,4]  10.587   1.220   8.405   9.738  10.509  11.354  13.180 1.001  3500
N.est[36,4]  10.686   1.244   8.461   9.824  10.609  11.471  13.330 1.002  2100
N.est[37,4]  10.557   1.214   8.370   9.724  10.493  11.312  13.114 1.001  6500
N.est[38,4]  10.432   1.202   8.284   9.597  10.348  11.178  12.996 1.002  2400
N.est[39,4]  10.277   1.178   8.148   9.447  10.216  11.021  12.759 1.001  2700
N.est[40,4]  10.255   1.196   8.115   9.422  10.185  11.004  12.857 1.002  3000
N.est[41,4]  10.341   1.216   8.196   9.494  10.277  11.091  12.945 1.001 10000
N.est[42,4]  10.329   1.223   8.148   9.473  10.244  11.097  12.933 1.001  5300
N.est[43,4]  10.190   1.241   7.961   9.322  10.113  10.970  12.843 1.002  2000
N.est[44,4]  10.077   1.333   7.761   9.144   9.979  10.898  12.977 1.002  1700
N.est[45,4]   9.945   1.228   7.773   9.080   9.866  10.733  12.521 1.002  1200
N.est[46,4]   9.489   1.145   7.454   8.699   9.406  10.215  11.917 1.002  1800
N.est[47,4]   9.045   1.068   7.131   8.295   8.984   9.728  11.326 1.001  4300
N.est[48,4]   8.558   1.041   6.704   7.835   8.493   9.211  10.749 1.001  4000
N.est[49,4]   7.732   1.030   5.869   7.015   7.685   8.390   9.903 1.001  3500
N.est[50,4]   6.993   0.902   5.349   6.368   6.960   7.572   8.877 1.003   600
N.est[51,4]   6.771   0.853   5.195   6.176   6.735   7.320   8.576 1.005   340
N.est[52,4]   7.236   0.853   5.681   6.646   7.183   7.772   9.074 1.002  2300
N.est[53,4]   7.417   0.865   5.869   6.811   7.367   7.962   9.226 1.003   930
N.est[54,4]   7.427   0.843   5.920   6.832   7.390   7.976   9.212 1.002  1400
N.est[55,4]   7.666   0.895   6.070   7.040   7.602   8.234   9.579 1.001  8700
N.est[56,4]   7.671   0.886   6.080   7.064   7.613   8.236   9.597 1.001 10000
N.est[57,4]   7.468   0.868   5.912   6.876   7.414   8.007   9.307 1.001 10000
N.est[58,4]   6.973   0.851   5.429   6.383   6.928   7.507   8.777 1.003   830
N.est[59,4]   7.316   0.912   5.683   6.678   7.253   7.894   9.269 1.001  5800
N.est[60,4]   7.662   1.008   5.869   6.973   7.592   8.300   9.800 1.001 10000
N.est[61,4]   7.912   1.195   5.834   7.083   7.830   8.650  10.520 1.001 10000
N.est[62,4]   7.968   1.225   5.841   7.119   7.882   8.720  10.636 1.001 10000
N.est[63,4]   8.025   1.256   5.845   7.155   7.935   8.797  10.768 1.001 10000
N.est[1,5]   26.589   5.365  17.659  22.766  26.032  29.783  38.649 1.001  6800
N.est[2,5]   26.931   5.848  17.290  22.807  26.276  30.352  39.833 1.001 10000
N.est[3,5]   27.230   6.159  17.104  22.884  26.522  30.892  41.308 1.001 10000
N.est[4,5]   27.508   6.445  17.030  22.963  26.774  31.338  42.095 1.001 10000
N.est[5,5]   27.791   6.614  16.910  23.102  27.100  31.733  42.727 1.001 10000
N.est[6,5]   28.058   6.755  17.066  23.344  27.246  32.081  43.376 1.001 10000
N.est[7,5]   28.282   6.733  17.327  23.487  27.527  32.153  43.495 1.001 10000
N.est[8,5]   28.476   6.607  17.872  23.830  27.725  32.319  43.716 1.001 10000
N.est[9,5]   28.654   6.383  18.227  24.116  28.027  32.403  42.904 1.001  5000
N.est[10,5]  28.791   6.005  18.796  24.537  28.117  32.415  42.189 1.001  5700
N.est[11,5]  28.937   5.501  19.580  25.094  28.421  32.265  41.165 1.001  7400
N.est[12,5]  29.109   4.834  20.676  25.739  28.721  32.143  39.429 1.001  3100
N.est[13,5]  28.936   4.876  20.568  25.505  28.573  31.922  39.579 1.001  6900
N.est[14,5]  28.763   4.690  20.705  25.497  28.393  31.704  38.862 1.001 10000
N.est[15,5]  28.902   5.347  19.762  25.161  28.433  32.138  40.435 1.001 10000
N.est[16,5]  29.036   5.814  19.305  25.063  28.478  32.394  41.999 1.001 10000
N.est[17,5]  29.126   6.069  19.019  24.934  28.494  32.603  42.889 1.001 10000
N.est[18,5]  29.219   6.176  18.925  24.878  28.566  32.788  43.245 1.001 10000
N.est[19,5]  29.251   6.120  19.000  25.020  28.640  32.824  42.880 1.001  6100
N.est[20,5]  29.287   5.986  19.240  25.054  28.753  32.874  42.637 1.001  4200
N.est[21,5]  29.267   5.641  19.757  25.218  28.801  32.703  41.892 1.001  3400
N.est[22,5]  29.256   5.138  20.344  25.654  28.885  32.376  40.405 1.001  6900
N.est[23,5]  29.177   4.346  21.478  26.162  28.826  31.904  38.541 1.001  6800
N.est[24,5]  29.348   4.257  21.819  26.374  29.024  31.999  38.562 1.001 10000
N.est[25,5]  29.495   3.793  22.651  26.840  29.280  31.869  37.576 1.001 10000
N.est[26,5]  29.648   3.611  23.183  27.149  29.471  31.908  37.445 1.001  7300
N.est[27,5]  29.479   3.478  23.226  27.055  29.305  31.695  36.875 1.001  5400
N.est[28,5]  28.701   3.442  22.511  26.317  28.508  30.963  35.817 1.002  1400
N.est[29,5]  30.112   3.534  23.636  27.655  29.960  32.370  37.502 1.003   660
N.est[30,5]  31.985   3.731  25.245  29.340  31.811  34.366  39.795 1.002  2400
N.est[31,5]  34.947   3.995  27.803  32.194  34.697  37.489  43.414 1.001 10000
N.est[32,5]  37.273   4.340  29.677  34.247  36.995  39.979  46.555 1.002  2400
N.est[33,5]  38.980   4.540  30.967  35.869  38.672  41.818  48.649 1.001  3100
N.est[34,5]  40.335   4.735  31.927  37.017  40.034  43.325  50.478 1.002  1200
N.est[35,5]  39.177   4.501  31.003  36.054  39.008  41.977  48.529 1.001 10000
N.est[36,5]  40.581   4.697  32.151  37.339  40.304  43.548  50.714 1.001  5200
N.est[37,5]  41.299   4.769  32.684  38.004  40.997  44.313  51.354 1.001  4500
N.est[38,5]  41.680   4.791  33.118  38.286  41.407  44.703  51.713 1.001  3700
N.est[39,5]  44.483   5.202  35.283  40.798  44.111  47.811  55.405 1.001  3300
N.est[40,5]  46.569   5.565  36.764  42.686  46.154  50.051  58.467 1.002  1500
N.est[41,5]  48.116   5.856  37.823  43.977  47.696  51.772  60.703 1.005   380
N.est[42,5]  47.927   5.874  37.547  43.813  47.577  51.552  60.373 1.004   480
N.est[43,5]  47.368   6.035  36.807  43.080  46.978  51.079  60.458 1.003   600
N.est[44,5]  46.083   6.273  35.325  41.682  45.631  49.950  59.892 1.003   670
N.est[45,5]  44.758   5.736  34.739  40.744  44.308  48.223  57.304 1.002  1100
N.est[46,5]  42.791   5.473  33.188  39.002  42.358  46.227  54.753 1.002  1700
N.est[47,5]  39.968   5.481  30.325  36.152  39.564  43.330  51.677 1.001 10000
N.est[48,5]  37.131   4.834  28.560  33.736  36.867  40.141  47.440 1.001  8900
N.est[49,5]  35.899   4.925  27.182  32.447  35.584  38.950  46.508 1.001  4300
N.est[50,5]  34.596   4.299  26.931  31.594  34.327  37.317  43.635 1.001 10000
N.est[51,5]  33.042   3.909  26.033  30.314  32.788  35.558  41.349 1.001  9900
N.est[52,5]  32.303   3.763  25.582  29.672  32.103  34.635  40.324 1.001 10000
N.est[53,5]  31.711   3.775  24.933  29.047  31.534  34.065  39.832 1.001  3200
N.est[54,5]  30.252   3.736  23.562  27.639  30.042  32.624  38.306 1.001  8700
N.est[55,5]  28.331   3.763  21.526  25.714  28.134  30.664  36.399 1.001 10000
N.est[56,5]  26.469   3.274  20.566  24.189  26.318  28.580  33.460 1.001 10000
N.est[57,5]  24.087   2.963  18.750  22.019  23.938  25.951  30.466 1.002  1500
N.est[58,5]  22.679   2.858  17.535  20.657  22.566  24.516  28.679 1.006   300
N.est[59,5]  22.255   2.818  17.234  20.293  22.057  24.024  28.367 1.005   330
N.est[60,5]  23.154   3.059  17.714  21.007  22.969  25.084  29.751 1.001  4300
N.est[61,5]  24.684   3.684  18.267  22.062  24.415  27.028  32.630 1.001  3500
N.est[62,5]  24.666   3.748  18.154  22.017  24.376  27.047  32.781 1.001  3400
N.est[63,5]  24.650   3.813  18.046  21.957  24.338  27.074  32.873 1.001  3400
N.est[1,6]   20.740   3.732  14.341  18.079  20.438  23.051  28.939 1.001 10000
N.est[2,6]   21.653   3.964  14.935  18.845  21.305  24.113  30.075 1.001  6400
N.est[3,6]   22.569   4.097  15.509  19.689  22.242  25.141  31.621 1.001 10000
N.est[4,6]   23.432   4.051  16.390  20.560  23.094  25.907  32.344 1.001  7400
N.est[5,6]   24.185   4.711  16.198  20.808  23.788  27.055  34.655 1.001  4900
N.est[6,6]   24.914   5.234  16.232  21.245  24.335  27.978  36.611 1.001  5200
N.est[7,6]   25.661   5.648  16.317  21.698  25.086  28.933  38.403 1.001  3500
N.est[8,6]   26.342   5.926  16.513  22.200  25.684  29.835  39.724 1.002  1800
N.est[9,6]   27.065   6.048  17.142  22.879  26.379  30.554  40.969 1.002  1400
N.est[10,6]  27.771   6.112  17.712  23.526  27.141  31.357  41.480 1.001  2700
N.est[11,6]  28.476   6.001  18.349  24.232  27.977  32.075  41.931 1.001  3700
N.est[12,6]  29.194   5.810  19.411  25.078  28.700  32.736  41.758 1.001  3500
N.est[13,6]  29.866   5.378  20.623  26.080  29.471  33.263  41.507 1.001  5500
N.est[14,6]  30.559   4.745  22.330  27.220  30.204  33.559  40.780 1.001 10000
N.est[15,6]  31.283   4.937  22.616  27.795  30.973  34.365  41.813 1.001 10000
N.est[16,6]  31.912   4.707  23.613  28.562  31.626  34.841  41.992 1.001  3800
N.est[17,6]  33.317   5.293  24.182  29.564  32.998  36.649  44.748 1.001  4600
N.est[18,6]  34.661   5.550  25.009  30.694  34.308  38.062  46.835 1.001 10000
N.est[19,6]  36.038   5.375  26.685  32.286  35.675  39.471  47.629 1.001 10000
N.est[20,6]  37.332   5.946  27.019  33.142  36.904  41.048  50.133 1.001 10000
N.est[21,6]  38.692   6.225  27.766  34.293  38.220  42.489  52.179 1.002  1900
N.est[22,6]  40.103   6.056  29.550  35.886  39.673  43.803  53.290 1.002  1800
N.est[23,6]  41.461   5.462  31.742  37.656  41.066  44.931  53.228 1.001  5900
N.est[24,6]  42.012   5.145  32.749  38.451  41.686  45.333  52.954 1.002  1300
N.est[25,6]  43.896   5.182  34.505  40.269  43.609  47.234  54.655 1.001  7600
N.est[26,6]  45.512   5.243  36.062  41.863  45.154  48.891  56.582 1.001 10000
N.est[27,6]  46.652   5.481  37.018  42.822  46.246  50.108  58.518 1.001 10000
N.est[28,6]  47.200   5.464  37.427  43.384  46.861  50.755  58.963 1.001 10000
N.est[29,6]  47.616   5.479  37.657  43.790  47.360  51.142  59.155 1.001 10000
N.est[30,6]  48.608   5.512  38.565  44.742  48.334  52.181  60.025 1.001 10000
N.est[31,6]  50.177   5.737  40.044  46.150  49.810  53.789  62.356 1.001 10000
N.est[32,6]  51.573   5.890  40.854  47.464  51.253  55.285  64.023 1.001 10000
N.est[33,6]  52.994   6.114  42.113  48.745  52.581  56.911  66.030 1.001 10000
N.est[34,6]  53.829   6.194  42.467  49.516  53.528  57.751  66.977 1.002  2400
N.est[35,6]  55.172   6.325  43.745  50.838  54.754  59.191  68.667 1.001 10000
N.est[36,6]  56.948   6.570  45.278  52.420  56.592  61.014  70.912 1.001 10000
N.est[37,6]  58.680   6.839  46.450  53.955  58.335  62.934  73.267 1.001 10000
N.est[38,6]  61.162   7.193  48.111  56.157  60.816  65.661  76.435 1.001 10000
N.est[39,6]  62.649   7.455  49.167  57.504  62.213  67.334  78.384 1.001  4800
N.est[40,6]  63.710   7.787  49.904  58.287  63.257  68.621  80.211 1.001  4600
N.est[41,6]  64.445   8.613  49.129  58.592  63.728  69.712  83.221 1.001  4600
N.est[42,6]  65.037   8.277  50.133  59.247  64.516  70.227  82.820 1.002  1200
N.est[43,6]  66.172   8.642  50.542  60.198  65.708  71.566  84.523 1.002  1600
N.est[44,6]  69.777   9.968  51.868  62.807  69.169  75.951  91.034 1.001 10000
N.est[45,6]  73.311  10.538  54.916  65.966  72.511  79.890  96.381 1.001 10000
N.est[46,6]  76.872   9.815  59.627  69.923  76.335  82.947  98.158 1.001  3100
N.est[47,6]  78.545   9.503  61.608  71.791  78.031  84.648  98.359 1.001  4500
N.est[48,6]  80.741   9.524  63.598  74.125  80.147  86.798 101.042 1.002  2000
N.est[49,6]  83.401   9.752  65.865  76.626  82.741  89.484 104.476 1.001  3800
N.est[50,6]  85.020   9.950  67.247  78.055  84.407  91.285 106.522 1.001  3600
N.est[51,6]  83.882   9.805  66.230  77.195  83.217  89.979 105.206 1.001 10000
N.est[52,6]  84.011   9.846  66.096  77.124  83.442  90.283 104.759 1.001 10000
N.est[53,6]  86.012  10.202  67.870  78.837  85.366  92.414 107.438 1.001  7600
N.est[54,6]  85.963  10.479  67.219  78.595  85.464  92.640 108.028 1.001  3200
N.est[55,6]  85.996  11.257  65.938  78.083  85.279  93.099 109.946 1.001 10000
N.est[56,6]  85.681  10.365  67.222  78.487  85.132  92.156 107.977 1.001 10000
N.est[57,6]  86.114  10.110  68.069  79.034  85.502  92.516 107.270 1.001 10000
N.est[58,6]  84.661   9.938  66.529  77.753  84.216  90.924 105.568 1.001 10000
N.est[59,6]  84.508  10.352  66.079  77.310  83.953  91.094 106.170 1.001 10000
N.est[60,6]  86.387  11.261  66.099  78.558  85.610  93.551 110.631 1.001 10000
N.est[61,6]  89.093  13.300  65.616  79.785  88.127  97.439 117.518 1.001 10000
N.est[62,6]  91.327  13.876  66.905  81.603  90.284  99.998 120.957 1.001 10000
N.est[63,6]  93.618  14.480  68.226  83.456  92.516 102.616 124.627 1.001 10000
Ntot[1]     281.121  41.640 210.977 251.510 277.369 305.877 372.379 1.002  1400
Ntot[2]     275.581  43.311 203.740 244.745 271.912 301.584 372.479 1.001  6400
Ntot[3]     269.961  43.994 195.964 238.906 265.616 296.193 366.757 1.001 10000
Ntot[4]     264.002  44.007 190.705 232.767 259.564 290.308 361.437 1.001 10000
Ntot[5]     258.728  44.071 186.353 227.680 254.022 284.841 357.541 1.001 10000
Ntot[6]     252.850  42.855 182.686 222.411 248.384 278.218 350.051 1.001 10000
Ntot[7]     247.873  41.912 180.359 218.114 243.064 272.752 344.339 1.001  3800
Ntot[8]     242.493  40.100 177.881 214.375 238.032 265.841 334.144 1.002  1600
Ntot[9]     237.067  38.103 175.003 210.588 232.680 258.820 323.428 1.002  1000
Ntot[10]    231.961  35.348 173.276 207.137 228.102 252.303 312.107 1.003   800
Ntot[11]    226.937  32.256 173.604 204.362 223.398 246.113 299.869 1.003   580
Ntot[12]    221.726  28.487 172.510 202.073 218.847 238.820 284.308 1.003   600
Ntot[13]    212.205  29.128 163.331 191.780 209.042 229.385 278.361 1.003   910
Ntot[14]    203.319  28.745 155.788 183.304 200.086 219.971 267.998 1.002  1700
Ntot[15]    195.725  28.185 148.836 176.161 192.924 211.590 258.307 1.001  3300
Ntot[16]    188.481  26.838 144.134 169.841 185.633 203.756 248.957 1.001  7600
Ntot[17]    182.283  25.569 139.609 164.787 179.242 197.256 238.780 1.001 10000
Ntot[18]    176.592  23.754 136.920 160.168 174.176 190.498 230.091 1.001 10000
Ntot[19]    171.393  21.742 134.424 156.488 169.469 184.086 219.447 1.001 10000
Ntot[20]    166.250  19.954 132.230 152.357 164.295 178.149 210.614 1.001 10000
Ntot[21]    161.821  17.856 130.689 149.605 160.481 172.506 200.251 1.002 10000
Ntot[22]    157.596  15.486 130.578 146.806 156.594 167.214 190.491 1.002  6000
Ntot[23]    153.579  12.576 130.950 144.699 152.963 161.662 180.051 1.001  3500
Ntot[24]    149.279  11.780 127.735 141.010 148.657 156.945 173.656 1.002  1800
Ntot[25]    146.479  10.324 127.382 139.296 146.084 153.188 167.987 1.002  2200
Ntot[26]    144.764   9.796 126.719 138.052 144.425 151.057 165.081 1.002  1600
Ntot[27]    143.762   9.965 125.011 136.970 143.354 150.217 164.450 1.002  1200
Ntot[28]    141.506   9.220 124.240 135.193 141.323 147.485 160.339 1.002  1700
Ntot[29]    143.032   9.040 126.380 136.766 142.839 148.977 161.477 1.001  2900
Ntot[30]    144.267   9.060 127.156 138.027 144.001 150.172 162.757 1.001  9000
Ntot[31]    149.192   9.667 131.403 142.506 148.707 155.521 169.292 1.001  5500
Ntot[32]    152.975   9.733 134.746 146.327 152.523 159.349 173.220 1.002  1500
Ntot[33]    155.465  10.077 137.061 148.496 155.016 161.854 177.143 1.002  1100
Ntot[34]    155.158  10.040 136.840 148.226 154.845 161.672 175.560 1.002  1300
Ntot[35]    150.727   9.834 132.830 143.995 150.118 157.015 171.214 1.001  4100
Ntot[36]    149.704   9.764 131.702 143.122 149.340 155.927 170.258 1.001  4100
Ntot[37]    148.036   9.439 130.673 141.459 147.763 154.121 167.542 1.001  6700
Ntot[38]    148.728   9.536 130.442 142.201 148.448 154.990 168.036 1.001  3700
Ntot[39]    150.935   9.941 132.447 144.115 150.563 157.313 171.266 1.001  7700
Ntot[40]    152.169  10.266 133.455 145.048 151.615 158.831 173.830 1.001  3700
Ntot[41]    152.383  11.066 132.441 144.641 151.689 159.351 176.205 1.002  2000
Ntot[42]    149.755  10.669 130.099 142.366 149.065 156.628 171.769 1.001 10000
Ntot[43]    147.223  10.891 127.348 139.746 146.740 154.150 169.941 1.001 10000
Ntot[44]    147.232  12.157 125.443 138.805 146.614 154.871 173.521 1.002  1600
Ntot[45]    147.296  12.344 125.221 138.588 146.560 155.146 173.521 1.002  2300
Ntot[46]    146.628  11.503 126.263 138.530 145.951 153.954 170.915 1.002  1700
Ntot[47]    143.695  11.209 123.379 135.761 143.227 151.042 167.358 1.001 10000
Ntot[48]    141.315  10.852 121.068 133.852 140.850 148.310 163.925 1.001  6500
Ntot[49]    140.965  10.972 121.125 133.421 140.479 147.906 164.175 1.001 10000
Ntot[50]    139.752  10.871 120.155 132.135 139.264 146.704 162.730 1.001 10000
Ntot[51]    136.712  10.668 117.317 129.358 136.140 143.515 159.196 1.001 10000
Ntot[52]    136.295  10.723 116.474 128.950 135.898 143.143 158.917 1.001 10000
Ntot[53]    137.597  11.140 117.521 129.786 137.017 144.614 161.061 1.001  4400
Ntot[54]    135.798  11.387 115.319 127.849 135.266 143.145 159.289 1.001  2800
Ntot[55]    133.868  12.056 112.044 125.426 133.302 141.524 159.175 1.001  9600
Ntot[56]    131.221  11.024 111.485 123.439 130.705 138.485 154.143 1.001  6300
Ntot[57]    128.612  10.818 108.945 121.071 128.031 135.624 151.122 1.001 10000
Ntot[58]    124.812  10.764 104.996 117.334 124.404 131.858 146.915 1.001 10000
Ntot[59]    124.124  11.155 103.653 116.463 123.539 131.339 147.125 1.001 10000
Ntot[60]    126.818  12.057 104.837 118.418 126.139 134.563 152.215 1.001 10000
Ntot[61]    130.881  14.163 105.777 120.915 130.070 139.881 160.994 1.001  4300
Ntot[62]    132.709  14.709 106.758 122.327 131.862 142.049 164.139 1.001  4500
Ntot[63]    134.618  15.283 107.658 123.853 133.707 144.280 167.190 1.001  4700
logNtot[1]    5.628   0.146   5.352   5.527   5.625   5.723   5.920 1.002  1400
logNtot[2]    5.607   0.155   5.317   5.500   5.605   5.709   5.920 1.001  6200
logNtot[3]    5.585   0.160   5.278   5.476   5.582   5.691   5.905 1.001 10000
logNtot[4]    5.562   0.164   5.251   5.450   5.559   5.671   5.890 1.001 10000
logNtot[5]    5.542   0.167   5.228   5.428   5.537   5.652   5.879 1.001 10000
logNtot[6]    5.519   0.166   5.208   5.405   5.515   5.628   5.858 1.001 10000
logNtot[7]    5.499   0.165   5.195   5.385   5.493   5.609   5.842 1.001  4000
logNtot[8]    5.478   0.161   5.181   5.368   5.472   5.583   5.812 1.002  1600
logNtot[9]    5.456   0.156   5.165   5.350   5.450   5.556   5.779 1.002  1000
logNtot[10]   5.435   0.149   5.155   5.333   5.430   5.531   5.743 1.003   820
logNtot[11]   5.415   0.139   5.157   5.320   5.409   5.506   5.703 1.003   590
logNtot[12]   5.393   0.127   5.150   5.309   5.388   5.476   5.650 1.003   610
logNtot[13]   5.348   0.135   5.096   5.256   5.343   5.435   5.629 1.003   930
logNtot[14]   5.305   0.138   5.048   5.211   5.299   5.393   5.591 1.002  1800
logNtot[15]   5.267   0.141   5.003   5.171   5.262   5.355   5.554 1.001  3500
logNtot[16]   5.229   0.139   4.971   5.135   5.224   5.317   5.517 1.001  8100
logNtot[17]   5.196   0.137   4.939   5.105   5.189   5.285   5.476 1.001 10000
logNtot[18]   5.165   0.132   4.919   5.076   5.160   5.250   5.438 1.001 10000
logNtot[19]   5.136   0.125   4.901   5.053   5.133   5.215   5.391 1.001 10000
logNtot[20]   5.106   0.118   4.885   5.026   5.102   5.183   5.350 1.001 10000
logNtot[21]   5.081   0.109   4.873   5.008   5.078   5.150   5.300 1.002 10000
logNtot[22]   5.055   0.097   4.872   4.989   5.054   5.119   5.250 1.002  5500
logNtot[23]   5.031   0.082   4.875   4.975   5.030   5.086   5.193 1.001  3400
logNtot[24]   5.003   0.079   4.850   4.949   5.002   5.056   5.157 1.002  1800
logNtot[25]   4.984   0.070   4.847   4.937   4.984   5.032   5.124 1.002  2200
logNtot[26]   4.973   0.068   4.842   4.928   4.973   5.018   5.106 1.002  1500
logNtot[27]   4.966   0.069   4.828   4.920   4.965   5.012   5.103 1.002  1100
logNtot[28]   4.950   0.065   4.822   4.907   4.951   4.994   5.077 1.002  1700
logNtot[29]   4.961   0.063   4.839   4.918   4.962   5.004   5.084 1.001  2900
logNtot[30]   4.970   0.063   4.845   4.927   4.970   5.012   5.092 1.001  8900
logNtot[31]   5.003   0.065   4.878   4.959   5.002   5.047   5.132 1.001  5500
logNtot[32]   5.028   0.063   4.903   4.986   5.027   5.071   5.155 1.002  1500
logNtot[33]   5.044   0.065   4.920   5.001   5.044   5.087   5.177 1.002  1200
logNtot[34]   5.042   0.065   4.919   4.999   5.042   5.086   5.168 1.002  1300
logNtot[35]   5.013   0.065   4.889   4.970   5.011   5.056   5.143 1.001  4300
logNtot[36]   5.007   0.065   4.881   4.964   5.006   5.049   5.137 1.001  4200
logNtot[37]   4.995   0.064   4.873   4.952   4.996   5.038   5.121 1.001  6700
logNtot[38]   5.000   0.064   4.871   4.957   5.000   5.043   5.124 1.001  3800
logNtot[39]   5.015   0.066   4.886   4.971   5.014   5.058   5.143 1.001  8000
logNtot[40]   5.023   0.067   4.894   4.977   5.021   5.068   5.158 1.001  3800
logNtot[41]   5.024   0.072   4.886   4.974   5.022   5.071   5.172 1.002  2000
logNtot[42]   5.006   0.071   4.868   4.958   5.004   5.054   5.146 1.001 10000
logNtot[43]   4.989   0.074   4.847   4.940   4.989   5.038   5.135 1.001 10000
logNtot[44]   4.989   0.082   4.832   4.933   4.988   5.043   5.156 1.002  1600
logNtot[45]   4.989   0.083   4.830   4.932   4.987   5.044   5.156 1.002  2400
logNtot[46]   4.985   0.078   4.838   4.931   4.983   5.037   5.141 1.002  1700
logNtot[47]   4.965   0.078   4.815   4.911   4.964   5.018   5.120 1.001 10000
logNtot[48]   4.948   0.077   4.796   4.897   4.948   4.999   5.099 1.001  6800
logNtot[49]   4.946   0.078   4.797   4.894   4.945   4.997   5.101 1.001 10000
logNtot[50]   4.937   0.077   4.789   4.884   4.936   4.988   5.092 1.001 10000
logNtot[51]   4.915   0.078   4.765   4.863   4.914   4.966   5.070 1.001 10000
logNtot[52]   4.912   0.078   4.758   4.859   4.912   4.964   5.068 1.001 10000
logNtot[53]   4.921   0.081   4.767   4.866   4.920   4.974   5.082 1.001  4500
logNtot[54]   4.908   0.084   4.748   4.851   4.907   4.964   5.071 1.001  2900
logNtot[55]   4.893   0.090   4.719   4.832   4.893   4.952   5.070 1.001 10000
logNtot[56]   4.873   0.084   4.714   4.816   4.873   4.931   5.038 1.001  6500
logNtot[57]   4.853   0.084   4.691   4.796   4.852   4.910   5.018 1.001 10000
logNtot[58]   4.823   0.086   4.654   4.765   4.824   4.882   4.990 1.001 10000
logNtot[59]   4.817   0.090   4.641   4.758   4.817   4.878   4.991 1.001 10000
logNtot[60]   4.838   0.095   4.652   4.774   4.837   4.902   5.025 1.001 10000
logNtot[61]   4.868   0.108   4.661   4.795   4.868   4.941   5.081 1.001  4400
logNtot[62]   4.882   0.110   4.671   4.807   4.882   4.956   5.101 1.001  4500
logNtot[63]   4.896   0.113   4.679   4.819   4.896   4.972   5.119 1.001  4700
mean.r[1]    -0.023   0.017  -0.054  -0.034  -0.024  -0.012   0.012 1.002  1400
mean.r[2]    -0.050   0.016  -0.082  -0.061  -0.050  -0.040  -0.015 1.001  3900
mean.r[3]    -0.059   0.016  -0.089  -0.070  -0.059  -0.048  -0.026 1.003   660
mean.r[4]     0.013   0.015  -0.016   0.003   0.013   0.023   0.044 1.002 10000
mean.r[5]     0.005   0.015  -0.024  -0.005   0.005   0.015   0.037 1.002  6900
mean.r[6]     0.031   0.015   0.001   0.020   0.030   0.040   0.062 1.003  6800
r.proj[1]    -0.029   0.007  -0.043  -0.034  -0.030  -0.025  -0.016 1.001 10000
r.proj[2]    -0.056   0.007  -0.070  -0.061  -0.056  -0.051  -0.042 1.002  2100
r.proj[3]    -0.065   0.006  -0.076  -0.069  -0.065  -0.061  -0.053 1.003   770
r.proj[4]     0.007   0.004  -0.002   0.004   0.007   0.010   0.015 1.001 10000
r.proj[5]    -0.001   0.004  -0.009  -0.004  -0.001   0.002   0.007 1.001  2800
r.proj[6]     0.024   0.004   0.016   0.022   0.024   0.027   0.032 1.001 10000
r.tot[2]     -0.021   0.078  -0.170  -0.073  -0.023   0.030   0.137 1.002  1600
r.tot[3]     -0.021   0.078  -0.175  -0.072  -0.022   0.029   0.135 1.002  2200
r.tot[4]     -0.023   0.077  -0.172  -0.073  -0.023   0.026   0.131 1.001 10000
r.tot[5]     -0.021   0.077  -0.171  -0.072  -0.022   0.029   0.137 1.003  2900
r.tot[6]     -0.023   0.077  -0.175  -0.073  -0.023   0.027   0.131 1.002 10000
r.tot[7]     -0.020   0.075  -0.170  -0.068  -0.021   0.028   0.132 1.001  4500
r.tot[8]     -0.021   0.075  -0.169  -0.070  -0.022   0.026   0.129 1.001  3000
r.tot[9]     -0.022   0.075  -0.175  -0.071  -0.021   0.027   0.127 1.001  6800
r.tot[10]    -0.021   0.075  -0.170  -0.068  -0.021   0.028   0.126 1.001 10000
r.tot[11]    -0.020   0.074  -0.168  -0.068  -0.020   0.027   0.126 1.002 10000
r.tot[12]    -0.022   0.074  -0.168  -0.069  -0.021   0.026   0.125 1.001 10000
r.tot[13]    -0.045   0.071  -0.186  -0.091  -0.045   0.001   0.099 1.002 10000
r.tot[14]    -0.043   0.071  -0.189  -0.088  -0.043   0.003   0.095 1.004  4100
r.tot[15]    -0.038   0.070  -0.177  -0.084  -0.038   0.008   0.099 1.001  6100
r.tot[16]    -0.037   0.069  -0.176  -0.081  -0.036   0.007   0.097 1.003  6300
r.tot[17]    -0.033   0.068  -0.169  -0.077  -0.033   0.012   0.101 1.002  2100
r.tot[18]    -0.031   0.068  -0.166  -0.074  -0.030   0.013   0.101 1.001  6700
r.tot[19]    -0.029   0.065  -0.162  -0.070  -0.027   0.013   0.097 1.002  6800
r.tot[20]    -0.030   0.065  -0.159  -0.071  -0.029   0.012   0.095 1.003 10000
r.tot[21]    -0.026   0.064  -0.155  -0.067  -0.025   0.017   0.101 1.001 10000
r.tot[22]    -0.025   0.063  -0.154  -0.065  -0.025   0.016   0.097 1.002 10000
r.tot[23]    -0.024   0.061  -0.149  -0.063  -0.024   0.016   0.096 1.002 10000
r.tot[24]    -0.028   0.057  -0.142  -0.065  -0.027   0.008   0.084 1.002 10000
r.tot[25]    -0.018   0.057  -0.134  -0.055  -0.018   0.019   0.094 1.001 10000
r.tot[26]    -0.012   0.054  -0.120  -0.047  -0.011   0.024   0.096 1.002 10000
r.tot[27]    -0.007   0.055  -0.116  -0.043  -0.007   0.029   0.102 1.002 10000
r.tot[28]    -0.016   0.055  -0.128  -0.051  -0.015   0.021   0.092 1.002 10000
r.tot[29]     0.011   0.053  -0.092  -0.024   0.010   0.045   0.118 1.001 10000
r.tot[30]     0.009   0.053  -0.093  -0.026   0.009   0.043   0.113 1.001 10000
r.tot[31]     0.033   0.054  -0.065  -0.003   0.032   0.068   0.145 1.004  1200
r.tot[32]     0.025   0.053  -0.077  -0.011   0.024   0.059   0.136 1.004  4600
r.tot[33]     0.016   0.052  -0.084  -0.018   0.015   0.050   0.122 1.001 10000
r.tot[34]    -0.002   0.053  -0.108  -0.037  -0.002   0.033   0.101 1.001 10000
r.tot[35]    -0.029   0.055  -0.143  -0.064  -0.027   0.007   0.077 1.001  5200
r.tot[36]    -0.007   0.055  -0.119  -0.041  -0.007   0.028   0.101 1.002 10000
r.tot[37]    -0.011   0.054  -0.119  -0.047  -0.011   0.025   0.097 1.001 10000
r.tot[38]     0.005   0.054  -0.100  -0.031   0.004   0.040   0.110 1.001 10000
r.tot[39]     0.015   0.055  -0.092  -0.021   0.014   0.050   0.124 1.001 10000
r.tot[40]     0.008   0.055  -0.099  -0.028   0.008   0.045   0.118 1.002 10000
r.tot[41]     0.001   0.057  -0.112  -0.036   0.001   0.038   0.115 1.001 10000
r.tot[42]    -0.017   0.057  -0.133  -0.054  -0.017   0.020   0.094 1.001  3600
r.tot[43]    -0.017   0.058  -0.134  -0.054  -0.017   0.021   0.095 1.001 10000
r.tot[44]    -0.001   0.060  -0.117  -0.040  -0.001   0.038   0.119 1.003  1500
r.tot[45]     0.000   0.062  -0.121  -0.040   0.000   0.040   0.123 1.001 10000
r.tot[46]    -0.004   0.063  -0.127  -0.045  -0.004   0.036   0.122 1.002 10000
r.tot[47]    -0.020   0.062  -0.145  -0.060  -0.019   0.021   0.100 1.001  2900
r.tot[48]    -0.017   0.063  -0.140  -0.057  -0.016   0.025   0.106 1.003 10000
r.tot[49]    -0.003   0.064  -0.130  -0.044  -0.003   0.040   0.122 1.001 10000
r.tot[50]    -0.009   0.066  -0.139  -0.052  -0.008   0.034   0.120 1.002 10000
r.tot[51]    -0.022   0.067  -0.157  -0.066  -0.021   0.022   0.109 1.002 10000
r.tot[52]    -0.003   0.066  -0.134  -0.046  -0.004   0.040   0.128 1.001  4100
r.tot[53]     0.009   0.067  -0.126  -0.035   0.009   0.053   0.145 1.002  1200
r.tot[54]    -0.013   0.067  -0.150  -0.057  -0.013   0.030   0.118 1.002 10000
r.tot[55]    -0.015   0.069  -0.153  -0.059  -0.015   0.030   0.124 1.002 10000
r.tot[56]    -0.019   0.070  -0.159  -0.064  -0.018   0.026   0.116 1.002 10000
r.tot[57]    -0.020   0.070  -0.157  -0.067  -0.019   0.025   0.116 1.001 10000
r.tot[58]    -0.030   0.070  -0.175  -0.076  -0.029   0.017   0.104 1.002  6700
r.tot[59]    -0.006   0.071  -0.146  -0.052  -0.005   0.041   0.130 1.001 10000
r.tot[60]     0.021   0.071  -0.117  -0.027   0.020   0.067   0.166 1.002  7500
r.tot[61]     0.030   0.075  -0.115  -0.020   0.028   0.078   0.183 1.001  2700
r.tot[62]     0.014   0.004   0.006   0.011   0.014   0.016   0.021 1.001 10000
r.tot[63]     0.014   0.004   0.007   0.011   0.014   0.016   0.021 1.001 10000
sigma         0.111   0.020   0.076   0.097   0.110   0.124   0.155 1.040    44
deviance      3.221  20.833 -40.472 -10.475   4.034  17.630  41.432 1.014   110

For each parameter, n.eff is a crude measure of effective sample size,
and Rhat is the potential scale reduction factor (at convergence, Rhat=1).

DIC info (using the rule, pD = var(deviance)/2)
pD = 215.1 and DIC = 218.3
DIC is an estimate of expected predictive error (lower deviance is better).
