-----------------------------------------------------

><> Run  Afr_penguin completed in 0 min and 49 sec <><
-----------------------------------------------------

><>><>><>><>><>><>><>><>><>><>><>><>><>><>
><> Input Afr_penguin census <><
><>><>><>><>><>><>><>><>><>><>><>><>><>><>

$assessment
[1] Afr_penguin
8 Levels: Afr_penguin Bluemarlin_Atl_CPUE Bluemarlin_ICCAT Cape_gannet ... StripedMarlin_IO_CPUE

$abundance
[1] census
Levels: census relative

$generation.length
[1] 9.9

$K.penalty
[1] FALSE

$sigma.obs.est
[1] TRUE

$sigma.obs.add
[1] 0.1

$sigma.proc.fixed
[1] FALSE

$prjr.type
[1] all
Levels: all

$proj.stoch
[1] FALSE

$start.year
[1] 1979

$end.year
[1] 2017


><>><>><>><>><>><>><>><>><>><>><>><>><>><>
><> Parameter Estimates Afr_penguin census <><
><>><>><>><>><>><>><>><>><>><>><>><>><>><>

                  Median    LCI   UCI Geweke.p Heidelberger.p
r.Dassen.Island    0.008 -0.099 0.115    0.313          0.511
r.Robben.Island    0.196  0.088 0.305    0.134          0.223
r.Boulders         0.225  0.114 0.335    0.026          0.111
r.Stony.Point      0.261  0.151 0.373    0.789          0.975
r.Dyer.Island     -0.026 -0.131 0.084    0.203          0.061
r.St.Croix.Island  0.036 -0.073 0.143    0.254          0.821
r.Bird.Island      0.094 -0.013 0.208    0.380          0.700
r.Mercury          0.080 -0.033 0.196    0.535          0.994
r.Ichaboe          0.045 -0.070 0.160    0.599          0.771
r.Halifax          0.086 -0.029 0.201    0.936          0.896
r.Possession       0.096 -0.017 0.211    0.990          0.932
sigma.proc         0.340  0.305 0.371    0.468          0.223

><>><>><>><>><>><>><>><>><>><>><>><>><>><>
><> JAGS output Afr_penguin census <><
><>><>><>><>><>><>><>><>><>><>><>><>><>><>

Inference for Bugs model at "C:/Work/Research/Github/JARA//Afr_penguin/output2017/jara.jags", fit using jags,
 2 chains, each with 6000 iterations (first 1000 discarded)
 n.sims = 10000 iterations saved
               mu.vect   sd.vect      2.5%       25%       50%       75%     97.5%  Rhat n.eff
N.est[1,1]   12625.263  1367.090 10140.115 11656.969 12584.409 13489.457 15492.588 1.001 10000
N.est[2,1]   11752.186  4003.756  5740.455  8864.863 11148.714 13888.864 21326.308 1.002 10000
N.est[3,1]   10753.645  4811.508  4262.582  7396.317  9800.360 13077.609 22892.889 1.001 10000
N.est[4,1]    9720.555  4949.115  3409.228  6317.815  8719.559 11854.927 22361.373 1.001 10000
N.est[5,1]    8709.814  4652.887  2994.119  5523.980  7740.843 10661.882 20576.093 1.001 10000
N.est[6,1]    7667.152  3875.345  2670.690  4975.637  6807.490  9448.651 17690.208 1.001 10000
N.est[7,1]    6663.899  2997.208  2609.228  4590.812  6085.494  8093.219 13939.615 1.001  5000
N.est[8,1]    5706.992  1950.858  2781.443  4301.398  5408.310  6773.317 10305.236 1.001 10000
N.est[9,1]    4801.138   522.583  3857.321  4440.311  4778.743  5130.387  5923.789 1.002  1800
N.est[10,1]   6464.095  1652.445  3831.484  5290.781  6263.923  7424.711 10306.897 1.001 10000
N.est[11,1]   8256.157   876.139  6661.726  7655.256  8210.688  8796.195 10102.956 1.002  1200
N.est[12,1]   8752.921  2253.082  5159.384  7172.265  8459.628 10036.269 13904.361 1.001 10000
N.est[13,1]   8881.799   918.928  7212.829  8244.529  8841.246  9476.225 10787.725 1.001  4900
N.est[14,1]   7701.225   789.190  6289.537  7157.986  7652.054  8194.192  9394.232 1.001 10000
N.est[15,1]   7458.607   759.400  6084.349  6924.083  7417.920  7944.410  9064.393 1.001 10000
N.est[16,1]   9235.400   930.302  7536.951  8588.772  9195.751  9828.285 11181.428 1.001 10000
N.est[17,1]   9753.763   991.875  7960.141  9055.796  9698.389 10400.567 11829.092 1.001 10000
N.est[18,1]   9515.842   965.134  7746.895  8855.106  9466.052 10127.225 11510.004 1.001 10000
N.est[19,1]   8947.615   915.572  7280.794  8304.564  8903.325  9532.912 10861.146 1.001  3000
N.est[20,1]  11051.886  1127.293  9024.565 10284.614 10993.936 11746.064 13494.069 1.001 10000
N.est[21,1]  14942.883  1529.171 12189.794 13890.957 14882.445 15908.576 18129.178 1.001  5900
N.est[22,1]  17231.471  1743.682 14060.325 16008.431 17161.734 18348.418 20956.173 1.001 10000
N.est[23,1]  21173.319  2151.926 17250.613 19698.751 21086.467 22540.601 25657.886 1.001  9000
N.est[24,1]  22440.550  2283.609 18291.014 20849.895 22337.833 23911.801 27196.361 1.001 10000
N.est[25,1]  20819.933  2111.650 17010.552 19363.855 20695.778 22132.216 25263.447 1.001  5200
N.est[26,1]  24339.895  2480.636 19787.233 22611.574 24242.527 25933.834 29471.902 1.001  2800
N.est[27,1]  21919.005  2235.227 17796.938 20374.366 21836.030 23360.323 26504.516 1.001 10000
N.est[28,1]  13767.609  1398.290 11246.937 12794.718 13684.138 14650.238 16713.275 1.001  7100
N.est[29,1]  11327.749  1146.099  9231.824 10528.736 11276.537 12067.046 13727.526 1.001  6600
N.est[30,1]   6054.889   618.785  4944.927  5627.410  6020.777  6447.814  7343.189 1.003   750
N.est[31,1]   5224.579   533.841  4272.358  4854.724  5191.228  5566.996  6364.835 1.002  1200
N.est[32,1]   4860.145   495.714  3948.698  4517.765  4838.922  5178.693  5901.001 1.001  4700
N.est[33,1]   3874.273   397.235  3151.108  3595.958  3851.196  4128.656  4710.742 1.001 10000
N.est[34,1]   2769.268   282.385  2263.824  2571.077  2752.490  2949.347  3372.446 1.001 10000
N.est[35,1]   2598.625   264.465  2111.782  2416.091  2587.440  2765.701  3150.977 1.002  2100
N.est[36,1]   2083.952   209.769  1707.731  1936.095  2073.717  2218.716  2520.635 1.002  1200
N.est[37,1]   2119.955   212.222  1731.927  1972.657  2109.691  2258.953  2556.101 1.001  9700
N.est[38,1]   1898.455   194.396  1540.868  1765.763  1889.058  2019.381  2317.272 1.001 10000
N.est[39,1]   1916.508   204.473  1545.699  1775.962  1905.485  2045.290  2346.815 1.001 10000
N.est[40,1]   1824.308   199.991  1463.087  1687.545  1813.342  1950.851  2245.549 1.001 10000
N.est[1,2]       8.347     3.598     3.442     5.776     7.659    10.169    17.288 1.001 10000
N.est[2,2]       8.997     4.102     3.574     6.100     8.160    10.900    18.992 1.002  6300
N.est[3,2]       9.519     4.049     3.866     6.646     8.799    11.566    19.331 1.001  7600
N.est[4,2]       9.812     3.281     4.906     7.454     9.337    11.595    17.638 1.001 10000
N.est[5,2]       9.939     1.067     8.024     9.199     9.879    10.612    12.242 1.003   740
N.est[6,2]      25.249     2.591    20.549    23.460    25.117    26.928    30.661 1.002  2300
N.est[7,2]      97.734    10.100    79.385    90.800    97.242   104.164   118.571 1.001  2900
N.est[8,2]     225.623    23.045   183.500   209.747   224.261   240.724   274.172 1.001 10000
N.est[9,2]     468.990    48.156   381.055   435.715   466.547   500.175   568.774 1.002  2300
N.est[10,2]    810.883    83.563   659.486   753.751   806.196   863.756   984.635 1.001  2800
N.est[11,2]    863.490    88.280   703.779   801.515   858.623   920.721  1051.362 1.001 10000
N.est[12,2]   1280.908   131.752  1041.696  1190.772  1273.247  1362.295  1560.146 1.001  5200
N.est[13,2]   1837.695   186.626  1494.977  1708.127  1828.709  1958.967  2235.673 1.001  8800
N.est[14,2]   2033.720   205.932  1662.417  1889.911  2020.167  2161.983  2477.942 1.001 10000
N.est[15,2]   2215.201   225.914  1803.056  2060.016  2203.268  2359.390  2691.399 1.001  2700
N.est[16,2]   2710.518   278.705  2206.277  2513.410  2695.922  2887.410  3299.287 1.001  2800
N.est[17,2]   2385.489   244.284  1938.521  2218.252  2371.217  2537.651  2897.977 1.001  2700
N.est[18,2]   3058.040   314.024  2493.209  2843.442  3040.931  3255.169  3728.979 1.002  1800
N.est[19,2]   3342.757   340.040  2730.875  3108.834  3322.614  3556.944  4058.077 1.001 10000
N.est[20,2]   3552.115   361.580  2893.720  3302.153  3533.417  3786.958  4304.854 1.001 10000
N.est[21,2]   4411.486   454.490  3592.082  4095.498  4385.191  4701.656  5359.873 1.001 10000
N.est[22,2]   5420.275   553.440  4417.506  5032.872  5393.896  5783.158  6564.363 1.001 10000
N.est[23,2]   6409.683   658.821  5186.931  5952.529  6378.926  6837.202  7790.910 1.001 10000
N.est[24,2]   6990.589   714.197  5692.841  6498.288  6963.161  7447.550  8479.503 1.001 10000
N.est[25,2]   6224.258   633.082  5087.365  5784.227  6187.622  6624.965  7557.458 1.001  5300
N.est[26,2]   7605.031   783.456  6169.145  7065.390  7581.097  8102.159  9279.454 1.001  6300
N.est[27,2]   7114.158   724.248  5806.981  6618.393  7080.013  7573.738  8622.346 1.001 10000
N.est[28,2]   5973.500   600.287  4881.127  5549.780  5945.995  6357.346  7237.619 1.001 10000
N.est[29,2]   5771.672   590.828  4705.794  5361.887  5739.346  6150.080  7041.384 1.001  8400
N.est[30,2]   4161.249   426.517  3399.137  3861.364  4137.348  4436.482  5060.071 1.001 10000
N.est[31,2]   2554.758   263.374  2076.708  2371.981  2541.385  2722.035  3098.780 1.003   860
N.est[32,2]   2552.062   261.711  2070.603  2370.707  2541.563  2716.494  3098.535 1.001  2700
N.est[33,2]   1866.748   189.260  1527.948  1735.441  1854.836  1985.801  2266.056 1.001  6500
N.est[34,2]   1661.318   169.162  1353.114  1543.933  1652.926  1770.455  2019.687 1.001 10000
N.est[35,2]   1365.000   140.799  1110.760  1267.644  1357.256  1455.436  1664.686 1.001 10000
N.est[36,2]   1064.962   110.203   870.029   988.135  1058.478  1134.179  1302.887 1.001  5100
N.est[37,2]   1217.619   124.586   996.294  1130.193  1211.841  1296.158  1480.061 1.001  9800
N.est[38,2]   1356.418   138.915  1104.551  1260.088  1350.502  1445.570  1644.494 1.001 10000
N.est[39,2]   1456.317   154.120  1177.329  1348.263  1448.400  1554.277  1777.852 1.001 10000
N.est[40,2]   1672.364   182.893  1343.170  1545.382  1662.161  1789.152  2053.159 1.001 10000
N.est[1,3]       1.715     0.791     0.664     1.154     1.548     2.103     3.699 1.002   980
N.est[2,3]       1.854     0.951     0.650     1.193     1.652     2.284     4.285 1.002  1100
N.est[3,3]       1.958     1.031     0.675     1.245     1.728     2.440     4.576 1.002  2600
N.est[4,3]       2.042     1.035     0.715     1.327     1.833     2.519     4.569 1.002  7100
N.est[5,3]       2.102     0.947     0.843     1.433     1.916     2.565     4.430 1.002 10000
N.est[6,3]       2.142     0.730     1.054     1.629     2.032     2.541     3.886 1.002  7100
N.est[7,3]       2.147     0.234     1.720     1.985     2.134     2.294     2.644 1.002  1300
N.est[8,3]       4.162     1.070     2.430     3.401     4.048     4.781     6.606 1.001  3800
N.est[9,3]       7.640     0.804     6.200     7.083     7.602     8.157     9.319 1.004   560
N.est[10,3]     30.271     3.142    24.573    28.054    30.135    32.301    36.839 1.003   750
N.est[11,3]     38.749     3.973    31.656    35.981    38.511    41.292    47.139 1.001  2500
N.est[12,3]     56.795     5.828    46.260    52.746    56.447    60.526    69.076 1.002   990
N.est[13,3]    124.391    12.684   101.330   115.650   123.884   132.610   151.193 1.001  3900
N.est[14,3]    161.538    16.357   131.769   150.057   160.758   172.043   195.808 1.001  3400
N.est[15,3]    241.607    24.641   197.359   224.484   240.152   257.267   293.301 1.001 10000
N.est[16,3]    348.771    35.367   283.460   324.586   347.423   371.367   421.793 1.001 10000
N.est[17,3]    371.622    37.464   302.957   345.499   369.958   395.567   449.620 1.001 10000
N.est[18,3]    432.210    44.381   351.371   401.058   429.877   460.854   526.157 1.003   790
N.est[19,3]    685.191    70.087   555.667   637.779   681.917   729.665   831.550 1.002  2200
N.est[20,3]    592.514    61.110   484.034   550.095   589.413   630.935   721.944 1.001  4200
N.est[21,3]    880.976    88.949   720.173   819.716   877.415   937.295  1069.215 1.001 10000
N.est[22,3]    956.108    97.457   780.043   887.796   952.572  1018.584  1166.390 1.002  2300
N.est[23,3]   1052.674   108.538   857.330   976.714  1047.973  1121.977  1281.670 1.001  3800
N.est[24,3]   1080.007   108.787   884.625  1004.492  1075.302  1149.859  1307.680 1.001 10000
N.est[25,3]   1052.349   107.740   861.291   979.106  1044.657  1120.529  1280.906 1.001 10000
N.est[26,3]   1191.333   121.465   971.702  1105.045  1185.796  1271.216  1444.549 1.001 10000
N.est[27,3]   1212.774   122.516   990.870  1127.435  1208.339  1290.554  1470.615 1.001  5600
N.est[28,3]   1069.708   109.866   869.958   993.626  1063.117  1139.304  1303.427 1.001 10000
N.est[29,3]    853.680    86.841   695.355   794.350   849.086   909.320  1036.333 1.001  5600
N.est[30,3]    894.567    91.427   730.366   831.829   889.945   951.619  1087.378 1.002  1600
N.est[31,3]    737.738    76.322   599.389   685.985   733.928   784.919   902.125 1.002  1200
N.est[32,3]    895.418    90.169   730.562   833.670   891.244   953.205  1084.340 1.001 10000
N.est[33,3]    695.248    71.456   566.500   645.444   691.665   738.964   849.793 1.001  4100
N.est[34,3]    798.344    81.675   651.356   741.113   793.831   850.631   971.492 1.001  4000
N.est[35,3]    599.773    61.815   489.526   556.672   596.492   639.067   730.600 1.003   600
N.est[36,3]    927.527    93.762   759.302   860.212   921.816   987.899  1126.949 1.001  3300
N.est[37,3]    972.093   100.404   792.239   901.223   966.974  1036.050  1181.950 1.001 10000
N.est[38,3]    884.049    90.474   720.486   820.588   880.222   942.011  1073.819 1.001 10000
N.est[39,3]    875.370    92.981   707.373   811.033   868.191   933.704  1074.979 1.001  5500
N.est[40,3]   1034.363   113.708   828.022   956.109  1026.014  1105.629  1279.975 1.001  3600
N.est[1,4]       0.838     0.341     0.361     0.593     0.773     1.011     1.666 1.001  5600
N.est[2,4]       0.909     0.364     0.401     0.651     0.844     1.097     1.801 1.001 10000
N.est[3,4]       0.970     0.317     0.498     0.747     0.922     1.140     1.718 1.001 10000
N.est[4,4]       1.011     0.108     0.821     0.936     1.006     1.078     1.241 1.001 10000
N.est[5,4]       1.155     0.123     0.931     1.071     1.147     1.231     1.411 1.010   170
N.est[6,4]       4.736     0.488     3.852     4.396     4.713     5.046     5.749 1.002  2500
N.est[7,4]      11.042     1.113     9.001    10.264    10.988    11.747    13.356 1.001  4500
N.est[8,4]      25.669     2.709    20.696    23.756    25.567    27.387    31.364 1.002  1000
N.est[9,4]      37.062    10.965    20.114    29.219    35.640    43.244    62.583 1.003 10000
N.est[10,4]     51.301    15.185    27.514    40.409    49.313    59.586    87.495 1.003  1800
N.est[11,4]     68.650     7.099    55.758    63.601    68.324    73.172    83.591 1.001 10000
N.est[12,4]     86.080     8.828    70.055    80.096    85.666    91.698   104.738 1.001 10000
N.est[13,4]     76.085     7.831    62.056    70.666    75.713    81.058    92.803 1.001  4600
N.est[14,4]     57.106     5.768    46.451    53.163    56.871    60.750    69.176 1.001 10000
N.est[15,4]     41.831     4.257    34.180    38.838    41.612    44.601    50.687 1.001 10000
N.est[16,4]     44.437     4.699    35.885    41.206    44.212    47.385    54.345 1.001 10000
N.est[17,4]     52.484    16.223    27.450    40.986    50.045    61.538    90.541 1.001 10000
N.est[18,4]     59.923    21.158    28.382    44.788    56.571    71.562   109.776 1.001 10000
N.est[19,4]     66.955    20.947    34.853    52.022    63.910    78.431   116.368 1.001 10000
N.est[20,4]     72.838     7.877    58.637    67.470    72.375    77.836    89.572 1.001  3300
N.est[21,4]     89.104    22.610    52.785    72.978    86.366   101.737   140.867 1.001 10000
N.est[22,4]    103.321    10.658    84.332    95.920   102.748   109.856   126.220 1.001  8200
N.est[23,4]    111.158    11.612    90.191   103.059   110.451   118.609   135.541 1.001  6700
N.est[24,4]    119.073    30.163    71.307    97.787   115.279   136.576   187.926 1.001 10000
N.est[25,4]    121.416    12.594    98.549   112.669   120.763   129.434   147.946 1.001  3100
N.est[26,4]    105.836    10.975    86.435    98.099   105.256   112.746   129.289 1.002  2500
N.est[27,4]    182.754    18.653   149.550   169.751   181.973   194.550   221.661 1.001 10000
N.est[28,4]    257.689    26.092   210.361   239.622   256.364   274.436   313.142 1.002  1400
N.est[29,4]    265.745    27.074   215.985   247.081   264.451   282.646   322.602 1.001  6500
N.est[30,4]    319.723    32.582   260.238   297.344   317.946   340.229   388.619 1.001 10000
N.est[31,4]    472.054    48.382   384.062   438.974   469.575   502.472   574.314 1.001  4100
N.est[32,4]    506.564    52.194   411.147   470.208   503.721   539.020   619.263 1.003   730
N.est[33,4]   1116.577   115.695   905.085  1036.260  1110.651  1190.574  1357.670 1.002  1700
N.est[34,4]   1782.167   183.786  1440.950  1653.971  1775.633  1899.527  2163.427 1.002  1300
N.est[35,4]   2024.519   206.531  1650.842  1878.861  2015.107  2156.157  2459.674 1.001 10000
N.est[36,4]   2086.287   213.171  1699.431  1935.702  2075.383  2223.965  2536.608 1.001  4600
N.est[37,4]   2484.970   254.066  2018.496  2312.550  2472.515  2647.736  3020.457 1.001 10000
N.est[38,4]   2355.897   240.400  1913.611  2188.017  2345.892  2510.454  2862.265 1.001 10000
N.est[39,4]   1867.735   200.054  1514.040  1728.788  1856.129  1992.482  2300.418 1.001  3400
N.est[40,4]   2292.900   253.192  1846.465  2117.443  2276.840  2451.068  2842.565 1.001  2900
N.est[1,5]   22894.324  2508.088 18398.448 21168.618 22745.784 24466.264 28252.463 1.001 10000
N.est[2,5]   23271.296  7876.318 11631.285 17660.101 22029.266 27430.513 42254.290 1.001 10000
N.est[3,5]   23097.768  9954.961  9587.225 15970.318 21266.365 27911.881 48204.942 1.001 10000
N.est[4,5]   22806.320 10735.401  8595.104 15241.915 20628.208 28000.154 49346.863 1.001 10000
N.est[5,5]   22084.697 10390.930  8257.678 14817.701 20164.609 27126.848 48210.621 1.001 10000
N.est[6,5]   21027.393  9060.556  8528.912 14618.630 19295.508 25547.752 42569.255 1.001 10000
N.est[7,5]   19827.078  6683.851  9789.694 15011.131 18885.679 23494.670 35840.652 1.001 10000
N.est[8,5]   18284.388  1981.340 14735.356 16916.971 18173.656 19551.750 22509.824 1.001 10000
N.est[9,5]   15575.808  4855.032  8187.281 12094.347 14915.177 18299.109 26992.575 1.002 10000
N.est[10,5]  13091.047  4770.112  6254.937  9727.824 12267.824 15559.868 24520.760 1.001  8000
N.est[11,5]  10575.145  3354.112  5474.889  8202.986 10098.943 12428.676 18616.311 1.001  6400
N.est[12,5]   8329.519   884.014  6731.040  7720.970  8281.347  8877.983 10209.157 1.001  6600
N.est[13,5]   6374.850   649.137  5208.840  5917.098  6345.752  6794.840  7716.044 1.001 10000
N.est[14,5]   6851.423   701.655  5573.064  6371.194  6816.942  7301.370  8321.486 1.006   290
N.est[15,5]   2767.998   290.577  2253.871  2562.557  2749.840  2953.264  3393.309 1.008   210
N.est[16,5]   4424.298   450.228  3616.323  4112.875  4402.463  4717.990  5396.028 1.001  3000
N.est[17,5]   4202.780   430.106  3415.693  3906.900  4179.966  4480.368  5110.973 1.001 10000
N.est[18,5]   3311.885   336.973  2690.460  3081.229  3293.770  3528.664  4016.897 1.001 10000
N.est[19,5]   2736.077   279.786  2235.113  2541.599  2719.891  2915.317  3328.792 1.001  6500
N.est[20,5]   2062.040   211.479  1679.406  1914.939  2053.382  2194.688  2501.807 1.002  1000
N.est[21,5]   2332.674   238.476  1904.769  2163.478  2319.234  2486.677  2829.271 1.001  3400
N.est[22,5]   2230.096   227.285  1814.190  2070.101  2220.541  2376.492  2706.795 1.001  6300
N.est[23,5]   2112.627   213.329  1726.200  1963.782  2099.881  2251.595  2560.253 1.001  5100
N.est[24,5]   2133.885   219.680  1738.213  1981.722  2121.597  2272.113  2600.525 1.001 10000
N.est[25,5]   1976.223   201.678  1608.898  1838.531  1968.056  2103.180  2401.049 1.002  1700
N.est[26,5]   2190.245   221.357  1791.500  2035.194  2178.257  2333.357  2653.580 1.001  3000
N.est[27,5]   2071.419   211.272  1682.247  1926.512  2061.170  2206.698  2518.881 1.001  7800
N.est[28,5]   2021.109   206.546  1648.245  1877.533  2009.574  2151.406  2456.382 1.001  2600
N.est[29,5]   1564.200   158.575  1273.841  1452.380  1556.610  1665.511  1893.545 1.001 10000
N.est[30,5]   1577.910   159.723  1283.611  1466.946  1570.396  1680.421  1918.398 1.001 10000
N.est[31,5]   1304.488   132.883  1068.041  1210.261  1296.657  1389.070  1583.703 1.001  6000
N.est[32,5]   1404.544   142.898  1146.076  1305.152  1397.734  1496.552  1702.920 1.001  3300
N.est[33,5]   1035.840   107.352   843.386   961.739  1029.060  1104.117  1264.787 1.001  3000
N.est[34,5]   1274.882   130.480  1039.237  1183.664  1269.903  1359.312  1550.785 1.001 10000
N.est[35,5]   1251.905   127.695  1023.914  1162.951  1245.136  1330.706  1523.023 1.001  5900
N.est[36,5]   1165.812   117.865   958.185  1084.042  1157.729  1239.350  1419.895 1.001 10000
N.est[37,5]   1178.305   121.229   955.076  1095.423  1173.086  1256.110  1434.564 1.001 10000
N.est[38,5]   1322.207   135.056  1073.546  1226.930  1316.067  1411.378  1601.064 1.001 10000
N.est[39,5]    979.777   104.366   794.101   907.093   972.355  1044.941  1203.003 1.002  2000
N.est[40,5]    902.076    98.687   727.074   833.668   894.809   963.283  1113.587 1.002  2000
N.est[1,6]   14032.596  1458.884 11363.245 13032.554 13961.563 14975.420 17053.252 1.001 10000
N.est[2,6]   14947.654  1556.969 12155.310 13855.612 14862.864 15954.484 18237.199 1.001  3500
N.est[3,6]   16438.615  5348.180  8417.625 12673.500 15591.708 19298.930 28885.370 1.001  3000
N.est[4,6]   17749.219  6939.730  7832.431 12819.428 16548.386 21311.611 34600.927 1.001 10000
N.est[5,6]   18728.292  7367.072  8312.325 13462.969 17417.101 22594.000 37135.353 1.001 10000
N.est[6,6]   19319.485  6326.672  9933.497 14836.972 18393.186 22775.557 34417.522 1.001 10000
N.est[7,6]   19442.813  2149.979 15589.644 17937.794 19346.252 20808.228 24017.568 1.001  4000
N.est[8,6]   20476.685  6925.543 10140.214 15546.750 19427.655 24121.679 37115.974 1.001  4200
N.est[9,6]   21058.667  9267.345  8314.476 14454.464 19253.058 25710.041 43470.755 1.001 10000
N.est[10,6]  21553.764 10790.889  7672.263 13973.193 19332.634 26388.276 48561.106 1.001 10000
N.est[11,6]  21640.222 11271.235  7296.832 13892.475 19276.461 26572.730 49626.284 1.001  8200
N.est[12,6]  21568.995 10715.752  7546.002 14028.494 19373.779 26502.403 48260.085 1.001 10000
N.est[13,6]  21093.550  9348.361  8418.313 14444.285 19328.485 25501.923 44141.006 1.002  7800
N.est[14,6]  20457.480  7043.979 10037.762 15509.969 19335.567 24193.570 37149.888 1.001 10000
N.est[15,6]  19443.256  2116.956 15603.526 17959.679 19356.822 20809.371 23849.224 1.001 10000
N.est[16,6]  19354.075  6418.787  9809.470 14786.221 18366.742 22840.756 34758.451 1.001  6000
N.est[17,6]  18917.975  7843.283  7990.584 13352.801 17466.728 22860.496 37820.367 1.001 10000
N.est[18,6]  18075.273  8001.574  7276.228 12519.646 16468.883 21977.493 37426.244 1.001 10000
N.est[19,6]  16968.364  7046.320  7172.747 11972.403 15721.469 20397.511 34532.649 1.002 10000
N.est[20,6]  15716.731  5169.832  7909.611 12058.698 14906.131 18520.384 28066.377 1.001 10000
N.est[21,6]  14270.795  1518.969 11507.957 13216.352 14183.350 15223.683 17509.358 1.002  1200
N.est[22,6]  15267.602  1551.495 12405.344 14201.013 15177.835 16261.421 18486.470 1.001 10000
N.est[23,6]  16422.732  1715.782 13297.740 15228.835 16338.752 17507.573 20022.811 1.001 10000
N.est[24,6]  12783.236  3273.868  7512.778 10438.543 12392.418 14700.995 20053.677 1.001 10000
N.est[25,6]   9444.879   970.780  7710.542  8762.962  9388.811 10062.984 11493.954 1.001 10000
N.est[26,6]   9424.381   957.462  7695.100  8759.639  9363.676 10042.504 11425.083 1.002  1300
N.est[27,6]   4716.215   484.026  3857.946  4374.244  4686.659  5022.841  5753.286 1.008   230
N.est[28,6]   7413.156   758.389  6029.080  6883.735  7369.153  7905.338  8978.784 1.002  1200
N.est[29,6]   4816.425   496.466  3922.222  4465.227  4792.931  5132.521  5878.258 1.004   540
N.est[30,6]   7380.755   750.540  6013.328  6860.462  7337.328  7855.826  8952.208 1.001 10000
N.est[31,6]   6964.589   727.346  5651.959  6461.792  6922.812  7426.488  8489.117 1.001 10000
N.est[32,6]   7818.306  1992.127  4657.504  6388.682  7582.719  8984.270 12452.104 1.001 10000
N.est[33,6]   8307.287   869.032  6716.034  7711.303  8254.307  8858.580 10172.449 1.002  1800
N.est[34,6]   6870.689   702.154  5609.372  6375.944  6829.100  7329.166  8345.703 1.003   920
N.est[35,6]   7690.671   786.926  6280.903  7144.566  7642.868  8181.758  9373.831 1.001  7200
N.est[36,6]   8517.437   876.217  6919.676  7914.357  8473.384  9070.924 10349.116 1.001 10000
N.est[37,6]   7592.103   781.831  6169.098  7054.420  7555.614  8093.002  9234.173 1.001 10000
N.est[38,6]   6271.808   638.933  5109.578  5829.571  6233.222  6686.539  7583.720 1.001 10000
N.est[39,6]   6187.711   656.975  5000.430  5723.472  6146.935  6602.862  7588.329 1.001 10000
N.est[40,6]   6057.617   660.870  4865.696  5587.127  6013.653  6475.049  7473.702 1.001 10000
N.est[1,7]     591.275   221.672   274.156   433.653   554.450   704.002  1113.285 1.001 10000
N.est[2,7]     593.163   189.887   305.096   459.863   565.107   694.315  1049.974 1.001  4300
N.est[3,7]     585.750    64.180   467.585   540.799   582.437   626.033   721.545 1.001 10000
N.est[4,7]     759.149   263.288   372.612   574.035   720.003   897.300  1377.373 1.001 10000
N.est[5,7]     959.364   427.890   380.429   659.267   876.280  1168.808  2000.600 1.001 10000
N.est[6,7]    1204.779   611.876   413.834   781.554  1076.629  1490.243  2774.270 1.001 10000
N.est[7,7]    1500.067   804.338   487.756   936.156  1326.286  1854.458  3581.202 1.001 10000
N.est[8,7]    1830.717   975.546   604.496  1149.525  1618.141  2262.323  4280.454 1.001 10000
N.est[9,7]    2205.068  1123.263   772.994  1422.638  1966.379  2716.031  5015.962 1.002 10000
N.est[10,7]   2639.329  1192.798  1044.717  1802.333  2401.308  3207.061  5564.324 1.003  3100
N.est[11,7]   3102.504  1056.438  1543.489  2362.113  2938.658  3651.116  5632.414 1.001  4500
N.est[12,7]   3605.060   382.311  2898.820  3335.981  3589.219  3855.249  4392.740 1.002  1600
N.est[13,7]   3279.435   339.064  2669.879  3045.995  3260.071  3490.997  3999.719 1.001 10000
N.est[14,7]   3608.984   369.880  2947.512  3352.377  3587.219  3844.913  4384.283 1.001 10000
N.est[15,7]   2444.284   255.174  1986.990  2268.108  2430.893  2600.694  2998.195 1.002  1200
N.est[16,7]   2995.880   762.090  1753.581  2451.252  2909.477  3453.710  4705.268 1.001 10000
N.est[17,7]   3478.141   377.976  2784.628  3216.779  3459.898  3713.467  4264.800 1.002  1800
N.est[18,7]   2540.459   652.620  1513.946  2068.652  2453.222  2917.978  4040.333 1.001 10000
N.est[19,7]   1763.771   191.538  1426.626  1629.506  1750.448  1884.478  2181.167 1.006   320
N.est[20,7]   2650.153   669.816  1554.987  2174.924  2573.828  3049.727  4165.158 1.001 10000
N.est[21,7]   3787.559   392.795  3072.617  3514.959  3770.378  4038.793  4590.989 1.001  4300
N.est[22,7]   4151.733   423.970  3380.785  3854.180  4131.558  4421.497  5039.480 1.001 10000
N.est[23,7]   4907.628   516.617  3967.947  4549.257  4885.894  5238.263  5984.790 1.009   200
N.est[24,7]   2406.433   616.926  1433.149  1968.549  2322.588  2755.303  3855.307 1.001 10000
N.est[25,7]   1121.252   122.005   909.742  1035.759  1112.033  1196.902  1383.935 1.010   160
N.est[26,7]   2735.333   278.794  2219.969  2543.171  2723.133  2914.465  3318.645 1.002  1300
N.est[27,7]   3133.332   318.907  2546.172  2911.315  3118.391  3339.985  3783.926 1.001 10000
N.est[28,7]   2715.510   275.643  2217.253  2523.017  2702.686  2893.049  3298.898 1.001  4700
N.est[29,7]   1580.332   163.548  1287.384  1467.190  1570.992  1681.733  1931.912 1.004   560
N.est[30,7]   2633.639   266.951  2153.693  2446.314  2618.246  2802.087  3195.877 1.002  1900
N.est[31,7]   2634.352   273.520  2141.764  2446.854  2622.332  2806.917  3206.582 1.001 10000
N.est[32,7]   2691.205   686.797  1600.712  2202.941  2605.567  3076.725  4275.143 1.002 10000
N.est[33,7]   2632.475   274.254  2144.729  2441.192  2613.758  2806.734  3212.565 1.001 10000
N.est[34,7]   2757.342   283.033  2239.445  2561.931  2743.988  2936.355  3347.679 1.003   760
N.est[35,7]   1134.287   121.111   920.762  1050.411  1125.655  1208.793  1397.959 1.010   170
N.est[36,7]   2625.733   268.552  2137.212  2440.856  2615.234  2792.930  3195.670 1.002  1500
N.est[37,7]   2812.196   287.926  2286.648  2609.217  2801.918  2998.282  3417.032 1.001  3800
N.est[38,7]   2623.426   265.243  2138.135  2438.248  2614.381  2792.315  3177.854 1.001  6100
N.est[39,7]   2288.860   244.360  1845.961  2117.852  2274.883  2445.844  2811.777 1.001 10000
N.est[40,7]   2376.444   262.002  1908.521  2193.564  2362.170  2543.276  2934.066 1.001 10000
N.est[1,8]    1217.092   572.506   465.048   814.864  1097.891  1484.082  2692.635 1.001 10000
N.est[2,8]    1250.081   652.591   423.379   795.647  1113.907  1535.978  2913.923 1.001 10000
N.est[3,8]    1281.783   709.551   407.797   797.480  1118.554  1588.927  3092.052 1.001 10000
N.est[4,8]    1302.930   724.840   413.242   802.963  1141.451  1611.045  3180.226 1.001 10000
N.est[5,8]    1301.273   683.786   448.480   826.338  1148.419  1601.059  3048.095 1.001  5800
N.est[6,8]    1280.981   584.481   501.412   872.361  1166.656  1551.229  2722.835 1.002  2000
N.est[7,8]    1247.499   422.396   616.421   947.958  1184.185  1475.635  2272.501 1.001  3000
N.est[8,8]    1201.181   129.355   968.909  1112.646  1192.734  1281.512  1479.665 1.002  1400
N.est[9,8]    2113.522   220.509  1706.964  1961.570  2101.192  2253.408  2574.124 1.001  2500
N.est[10,8]   2740.780   699.374  1610.061  2233.203  2662.725  3144.364  4339.865 1.001 10000
N.est[11,8]   3352.506   348.536  2720.003  3112.261  3337.956  3571.702  4078.582 1.003   720
N.est[12,8]   3548.835   365.899  2882.395  3293.838  3533.330  3786.429  4304.308 1.002  2300
N.est[13,8]   3666.898   942.526  2168.136  2996.357  3556.360  4206.948  5880.609 1.001 10000
N.est[14,8]   3580.455   370.803  2911.389  3322.284  3562.545  3815.668  4354.071 1.001 10000
N.est[15,8]   3522.395   355.976  2859.264  3278.828  3508.103  3749.094  4264.359 1.001  4000
N.est[16,8]   2245.472   233.155  1831.467  2082.024  2229.529  2388.915  2744.394 1.002  1600
N.est[17,8]   2282.098   233.579  1863.691  2119.254  2270.101  2431.676  2777.940 1.001 10000
N.est[18,8]   2412.067   243.993  1976.210  2240.633  2399.451  2567.423  2923.926 1.001 10000
N.est[19,8]   2668.651   273.077  2169.149  2479.710  2654.940  2846.755  3235.719 1.001 10000
N.est[20,8]   2889.937   295.079  2353.390  2687.335  2876.125  3072.350  3519.808 1.001 10000
N.est[21,8]   3023.863   309.102  2456.291  2808.035  3007.611  3222.563  3672.678 1.001 10000
N.est[22,8]   2841.446   288.428  2309.375  2642.547  2825.131  3027.928  3449.137 1.001 10000
N.est[23,8]   2698.967   273.071  2199.558  2509.073  2684.190  2873.948  3265.635 1.001  5100
N.est[24,8]   3332.272   343.036  2699.755  3096.536  3314.671  3551.173  4062.725 1.001  2500
N.est[25,8]   2775.359   281.252  2257.643  2580.861  2757.020  2959.188  3363.536 1.001 10000
N.est[26,8]   2132.539   220.587  1739.914  1977.523  2120.215  2274.249  2591.741 1.001  3300
N.est[27,8]   2381.248   244.125  1936.989  2212.231  2367.608  2537.866  2898.158 1.001  5000
N.est[28,8]   1896.051   195.161  1541.227  1760.544  1886.328  2021.076  2305.967 1.001  4000
N.est[29,8]   2099.326   213.826  1710.369  1947.584  2088.395  2237.609  2543.884 1.002  1600
N.est[30,8]   3034.354   311.433  2466.600  2815.548  3025.602  3235.339  3685.629 1.002  1300
N.est[31,8]   2666.091   271.833  2179.169  2479.403  2656.125  2836.153  3237.998 1.001  5700
N.est[32,8]   3129.682   319.475  2541.687  2911.251  3113.657  3333.300  3796.134 1.001  7500
N.est[33,8]   3127.359   324.764  2550.441  2901.616  3110.572  3330.647  3817.022 1.001 10000
N.est[34,8]   3288.393   333.161  2685.839  3057.462  3272.264  3499.172  3989.794 1.001  9000
N.est[35,8]   3034.608   304.975  2475.886  2824.297  3021.079  3231.055  3665.468 1.001 10000
N.est[36,8]   2523.382   260.462  2060.658  2340.443  2508.459  2689.152  3082.503 1.001  2700
N.est[37,8]   2650.385   286.591  2135.323  2451.993  2634.802  2833.321  3266.525 1.001 10000
N.est[38,8]   2891.271  1083.498  1331.666  2117.779  2711.500  3458.173  5500.684 1.002  1800
N.est[39,8]   3157.296  1740.577  1011.883  1964.821  2769.091  3889.617  7564.197 1.003  4400
N.est[40,8]   3259.075  1855.426  1010.364  1998.728  2845.656  4025.241  7972.228 1.003  4400
N.est[1,9]     848.618   396.374   316.952   566.748   772.367  1041.664  1853.477 1.001 10000
N.est[2,9]     875.739   465.836   285.387   553.582   776.454  1077.972  2066.820 1.001 10000
N.est[3,9]     888.913   491.824   275.699   547.755   781.776  1103.251  2150.341 1.002 10000
N.est[4,9]     891.243   482.241   280.739   553.101   790.168  1106.820  2070.404 1.002 10000
N.est[5,9]     886.043   461.309   298.418   562.923   783.026  1097.568  2043.355 1.001 10000
N.est[6,9]     860.206   384.637   337.870   586.460   786.162  1051.234  1796.162 1.001 10000
N.est[7,9]     826.740   286.223   405.092   623.652   780.731   977.574  1516.474 1.001 10000
N.est[8,9]     787.175    83.858   638.192   728.135   781.897   840.972   967.037 1.001  5000
N.est[9,9]    1340.455   140.163  1090.229  1241.721  1334.541  1430.756  1632.832 1.001 10000
N.est[10,9]   1807.007   460.320  1061.736  1480.839  1747.333  2073.601  2885.454 1.001  3900
N.est[11,9]   2329.630   239.960  1896.744  2160.360  2319.279  2483.689  2830.615 1.001  5100
N.est[12,9]   1994.744   206.208  1619.323  1851.878  1982.958  2126.780  2433.116 1.001 10000
N.est[13,9]   2263.910   580.571  1333.990  1845.141  2195.813  2595.425  3590.321 1.001 10000
N.est[14,9]   2430.215   252.687  1970.970  2254.920  2415.902  2592.006  2968.452 1.001 10000
N.est[15,9]   2659.317   272.828  2169.499  2471.949  2642.209  2831.178  3238.586 1.001 10000
N.est[16,9]   2777.743   280.941  2274.718  2581.236  2762.106  2959.199  3372.331 1.001  3400
N.est[17,9]   3225.858   329.901  2616.196  2997.796  3213.641  3433.995  3913.505 1.001 10000
N.est[18,9]   2627.644   270.518  2126.792  2439.786  2616.521  2799.778  3187.311 1.001 10000
N.est[19,9]   1936.586   199.249  1576.457  1798.474  1923.079  2064.519  2353.931 1.001 10000
N.est[20,9]   1610.495   165.301  1314.369  1497.322  1600.530  1716.840  1957.750 1.002  1200
N.est[21,9]   1699.445   173.458  1381.842  1578.511  1692.040  1809.411  2066.769 1.001  4100
N.est[22,9]   1438.525   146.081  1179.767  1335.681  1429.704  1529.611  1747.308 1.001  3100
N.est[23,9]   2169.293   220.880  1767.220  2014.009  2160.086  2312.444  2638.085 1.002  1400
N.est[24,9]   2177.186   220.361  1773.884  2023.038  2168.977  2319.664  2636.889 1.001  9600
N.est[25,9]   2016.914   208.339  1636.133  1872.568  2007.618  2149.828  2452.110 1.001  3400
N.est[26,9]    950.119    95.922   777.181   884.608   944.965  1010.043  1154.204 1.003   600
N.est[27,9]   1030.263   106.042   839.311   956.264  1024.257  1098.706  1255.281 1.001  5300
N.est[28,9]    712.872    72.673   581.638   661.529   709.242   758.505   867.792 1.001  6800
N.est[29,9]    454.349    47.285   369.961   421.331   451.952   483.945   555.727 1.005   390
N.est[30,9]    592.860    60.216   482.889   550.578   590.054   631.894   719.473 1.001 10000
N.est[31,9]    618.503    63.065   503.562   574.765   615.018   658.573   752.218 1.001  3200
N.est[32,9]    651.370    65.896   530.215   606.575   647.897   693.242   789.506 1.001  3000
N.est[33,9]    584.823    59.500   476.574   542.815   581.076   623.314   709.590 1.001  4700
N.est[34,9]    561.460    57.597   458.435   521.428   558.075   597.920   682.612 1.001 10000
N.est[35,9]    608.330    61.204   499.037   566.094   604.838   646.506   735.723 1.001 10000
N.est[36,9]    655.753    66.918   532.492   609.679   652.825   699.109   795.658 1.002  2400
N.est[37,9]    504.731    54.262   407.990   467.235   501.318   539.140   619.868 1.001  4400
N.est[38,9]    531.172   198.929   243.830   391.314   497.030   633.977  1009.745 1.001 10000
N.est[39,9]    558.836   303.530   179.043   350.286   492.046   691.245  1319.992 1.001  6800
N.est[40,9]    556.379   311.909   172.665   343.531   487.074   690.326  1343.935 1.001  6800
N.est[1,10]    413.592   193.203   156.306   276.333   375.134   507.131   900.256 1.002  1600
N.est[2,10]    430.689   225.678   145.023   272.370   379.542   534.687  1003.521 1.001  6900
N.est[3,10]    443.930   245.916   142.740   273.350   386.228   552.474  1082.399 1.001 10000
N.est[4,10]    447.780   243.702   142.270   277.863   391.977   558.602  1073.599 1.001 10000
N.est[5,10]    446.585   227.145   154.247   284.734   397.790   554.150  1008.519 1.001 10000
N.est[6,10]    439.026   196.714   173.006   299.148   401.084   535.372   940.799 1.001 10000
N.est[7,10]    426.258   146.648   207.250   321.962   405.284   504.409   772.170 1.001 10000
N.est[8,10]    410.889    43.866   332.266   380.475   408.404   438.675   503.837 1.003   830
N.est[9,10]    659.630    69.989   534.510   610.602   656.406   703.867   807.332 1.002  2000
N.est[10,10]   790.368   229.765   435.730   627.253   758.948   919.009  1325.268 1.001  9600
N.est[11,10]   916.362   270.762   498.713   722.250   878.142  1068.931  1545.924 1.001 10000
N.est[12,10]  1020.532   108.897   822.067   945.456  1014.628  1090.407  1247.100 1.001 10000
N.est[13,10]   872.100   221.366   518.249   714.334   846.021  1000.273  1372.748 1.002  1800
N.est[14,10]   707.770    72.657   577.392   657.695   703.615   753.587   861.893 1.002  2200
N.est[15,10]   707.825    72.120   575.366   658.045   704.794   753.990   860.026 1.001 10000
N.est[16,10]   665.814    68.564   541.416   617.969   662.681   709.818   807.539 1.002  1100
N.est[17,10]   482.661    49.096   393.753   449.356   479.852   514.412   586.309 1.001 10000
N.est[18,10]   397.170    40.642   324.111   369.220   394.813   422.725   484.557 1.001  4600
N.est[19,10]   431.054    44.112   351.451   400.452   428.301   459.093   526.025 1.001 10000
N.est[20,10]   447.860    45.389   364.308   416.725   445.898   476.677   542.862 1.001  4600
N.est[21,10]   484.396    49.432   394.491   450.296   481.951   516.219   588.498 1.001  3000
N.est[22,10]   391.611    40.000   318.142   363.713   389.623   416.990   475.835 1.002  1000
N.est[23,10]   508.624    51.999   414.491   473.007   505.683   541.187   617.253 1.001  2700
N.est[24,10]   512.861    51.674   418.466   477.260   510.331   545.266   621.905 1.001 10000
N.est[25,10]   543.666    55.732   443.689   505.198   540.652   578.242   663.140 1.001 10000
N.est[26,10]   655.371    66.314   534.592   609.112   652.241   697.570   792.331 1.001  3600
N.est[27,10]   616.874    63.777   501.754   572.521   614.235   656.573   752.568 1.001 10000
N.est[28,10]   614.989   155.216   366.210   505.262   595.924   704.590   970.178 1.001 10000
N.est[29,10]   579.852    59.921   473.861   538.186   575.877   617.315   709.275 1.001 10000
N.est[30,10]   647.253    64.937   530.326   601.728   643.830   688.934   783.948 1.001 10000
N.est[31,10]   826.427    84.505   672.953   767.408   821.835   881.469  1004.347 1.001 10000
N.est[32,10]   845.455    84.375   691.136   786.719   840.803   900.685  1023.183 1.001 10000
N.est[33,10]   780.838    80.470   638.748   723.854   776.046   831.856   950.722 1.001 10000
N.est[34,10]   762.100    79.047   620.021   707.023   758.035   812.071   926.011 1.001  3400
N.est[35,10]   849.682    85.958   693.460   789.877   845.139   904.634  1026.432 1.001 10000
N.est[36,10]   898.578    91.167   733.243   834.542   894.669   955.566  1089.970 1.001  2800
N.est[37,10]  1080.278   115.943   873.527   998.166  1074.825  1155.272  1324.146 1.001  7000
N.est[38,10]  1176.496   433.752   539.169   867.532  1101.679  1407.546  2226.476 1.001 10000
N.est[39,10]  1284.047   676.051   420.491   811.850  1133.098  1586.897  2968.768 1.001 10000
N.est[40,10]  1331.212   722.053   420.701   826.499  1168.729  1651.762  3152.844 1.001 10000
N.est[1,11]    342.171   161.361   130.430   228.467   308.697   418.685   744.107 1.001 10000
N.est[2,11]    356.319   190.905   117.653   222.671   313.097   439.237   845.466 1.001  8700
N.est[3,11]    366.033   205.815   116.164   223.729   317.967   452.898   901.911 1.001 10000
N.est[4,11]    369.985   206.710   118.554   227.322   324.567   459.360   903.286 1.001 10000
N.est[5,11]    370.507   195.365   124.708   236.650   328.802   453.484   862.589 1.001 10000
N.est[6,11]    366.260   167.249   141.675   249.561   333.649   445.068   773.238 1.001 10000
N.est[7,11]    355.176   123.047   175.217   267.549   336.369   420.738   649.474 1.001 10000
N.est[8,11]    340.141    35.887   275.361   314.673   338.281   362.748   416.154 1.002  1500
N.est[9,11]    471.870    48.865   382.985   437.594   469.071   503.016   574.622 1.001  6400
N.est[10,11]   878.533    91.801   708.834   815.982   874.268   936.193  1069.669 1.003   800
N.est[11,11]   812.742   209.168   481.506   666.007   786.589   934.621  1285.118 1.001  7900
N.est[12,11]   712.533    76.236   573.809   659.498   708.133   762.019   871.699 1.001 10000
N.est[13,11]   713.587   185.403   422.695   579.959   691.553   819.188  1143.240 1.001 10000
N.est[14,11]   679.416    70.728   551.416   630.882   676.035   724.134   831.187 1.001  4100
N.est[15,11]   725.480    74.092   589.059   675.702   722.548   772.168   881.603 1.002  1800
N.est[16,11]   531.982    54.985   432.818   493.399   529.206   566.992   647.502 1.001  3300
N.est[17,11]   594.617    60.361   484.574   552.425   591.903   632.973   719.396 1.003   610
N.est[18,11]   509.222    51.064   418.039   473.626   505.657   542.181   617.270 1.001 10000
N.est[19,11]   509.123    51.959   415.420   472.924   506.032   542.818   618.630 1.001  3800
N.est[20,11]   471.485    48.480   383.871   438.415   469.193   502.605   574.825 1.001 10000
N.est[21,11]   467.526    47.282   381.961   434.418   465.762   498.144   565.627 1.001  3200
N.est[22,11]   369.630    37.534   300.785   343.736   367.691   393.693   447.865 1.001 10000
N.est[23,11]   367.575    37.585   299.560   341.302   365.926   391.639   445.797 1.001 10000
N.est[24,11]   402.452    41.285   326.331   374.394   400.201   428.744   489.507 1.001  3300
N.est[25,11]   382.051    39.013   311.389   354.988   379.315   407.262   463.213 1.001 10000
N.est[26,11]   442.385    44.960   360.646   411.406   439.613   470.976   538.502 1.001 10000
N.est[27,11]   460.074    47.100   374.931   427.553   456.627   491.044   560.381 1.001 10000
N.est[28,11]   373.831    37.862   305.053   347.765   371.408   397.675   453.337 1.002  1300
N.est[29,11]   455.417    46.245   369.769   423.350   453.594   485.416   550.656 1.001  6000
N.est[30,11]   484.125    49.149   393.871   450.421   482.010   514.791   589.309 1.002  2200
N.est[31,11]   604.279    61.262   493.364   561.780   601.630   643.326   732.311 1.001  4200
N.est[32,11]   599.534    61.239   486.592   557.240   596.162   638.774   730.092 1.001  2700
N.est[33,11]   624.363    63.990   508.261   579.651   621.585   665.026   756.956 1.001 10000
N.est[34,11]   630.219    64.072   513.960   585.593   626.882   670.981   765.545 1.001 10000
N.est[35,11]   732.197    74.898   595.830   679.818   727.848   780.557   890.134 1.001  8700
N.est[36,11]   871.575    88.434   712.914   809.847   866.566   926.372  1059.098 1.002  1100
N.est[37,11]  1178.527   123.825   948.342  1093.171  1171.585  1259.089  1441.227 1.001  9400
N.est[38,11]  1288.505   478.401   608.988   942.763  1207.886  1540.539  2446.483 1.001 10000
N.est[39,11]  1426.403   771.945   474.122   892.105  1250.557  1756.147  3359.768 1.002 10000
N.est[40,11]  1490.750   832.310   480.615   918.077  1297.348  1842.012  3576.523 1.002 10000
Ntot[1]      52975.829  3286.220 46829.631 50723.896 52874.429 55081.287 59747.384 1.001 10000
Ntot[2]      53488.888  9058.489 38853.300 47067.248 52310.399 58620.312 74812.877 1.001 10000
Ntot[3]      53868.885 12274.530 34825.578 45084.853 52367.552 60795.507 82811.156 1.001  4000
Ntot[4]      54060.046 13681.059 32693.725 44380.873 52172.309 61585.413 86208.246 1.001 10000
Ntot[5]      53499.770 13526.881 32454.349 44015.055 51743.975 61032.047 84771.148 1.001 10000
Ntot[6]      52197.409 11642.123 33483.667 43994.951 50751.729 58968.103 78188.820 1.001 10000
Ntot[7]      50400.453  7670.716 37867.429 44989.547 49566.648 54819.809 68002.929 1.001 10000
Ntot[8]      49293.623  7497.655 37315.766 44006.929 48408.536 53564.790 66464.464 1.001  4000
Ntot[9]      48739.851 10523.779 32631.486 41304.266 47257.247 54456.358 73751.004 1.003  9500
Ntot[10]     50857.379 12074.103 33503.064 42444.845 48906.564 56813.116 79614.376 1.003 10000
Ntot[11]     51956.158 11890.452 35576.511 43855.717 49681.313 57626.118 80889.327 1.003  2500
Ntot[12]     50956.922 10977.939 35939.998 43333.280 48889.265 56226.274 77683.689 1.002  3200
Ntot[13]     49184.298  9522.571 35995.093 42429.698 47553.880 53895.394 72676.610 1.004  2100
Ntot[14]     48269.332  7148.707 37448.879 43241.981 47156.760 52145.954 65215.132 1.001 10000
Ntot[15]     42227.800  2348.682 37907.876 40593.846 42123.518 43756.812 47087.261 1.001  6600
Ntot[16]     45334.390  6586.276 35307.021 40715.204 44424.771 48900.985 60940.613 1.001 10000
Ntot[17]     45747.488  7949.325 34429.580 40118.266 44348.135 49763.661 64877.760 1.001 10000
Ntot[18]     42939.734  8110.011 31723.245 37282.505 41409.508 46882.106 62428.520 1.002  8100
Ntot[19]     40056.145  7140.217 29919.841 35063.208 38851.110 43557.979 57793.329 1.001 10000
Ntot[20]     41118.055  5358.122 32767.332 37305.170 40339.065 44113.565 53405.740 1.001 10000
Ntot[21]     46390.706  2271.777 42075.471 44845.156 46335.719 47873.143 51066.863 1.001 10000
Ntot[22]     50401.817  2480.021 45774.765 48689.711 50300.533 52029.482 55429.649 1.001  3800
Ntot[23]     57934.279  2913.367 52464.380 55947.545 57816.956 59838.576 63896.731 1.002  1800
Ntot[24]     54378.544  4116.086 47049.324 51543.376 54101.496 56961.519 63254.611 1.001  3500
Ntot[25]     46478.300  2458.619 41948.014 44791.611 46359.021 48018.533 51605.721 1.001 10000
Ntot[26]     51772.469  2809.346 46523.014 49824.597 51655.136 53586.658 57526.470 1.002   980
Ntot[27]     44838.117  2443.871 40215.706 43171.127 44783.187 46408.009 49845.174 1.001 10000
Ntot[28]     36816.024  1735.102 33549.376 35627.072 36753.721 37939.701 40369.591 1.001 10000
Ntot[29]     29768.746  1418.802 27129.150 28779.544 29734.410 30711.831 32678.492 1.001  6100
Ntot[30]     27781.324  1136.184 25583.109 27003.942 27772.154 28533.106 30055.096 1.001 10000
Ntot[31]     24607.858  1027.681 22674.690 23914.143 24582.254 25260.723 26742.634 1.002   970
Ntot[32]     25954.285  2210.881 22253.960 24390.678 25761.928 27260.148 30821.976 1.002 10000
Ntot[33]     24645.830  1084.434 22603.637 23914.012 24603.506 25336.485 26922.364 1.001  2600
Ntot[34]     23156.181   929.722 21380.236 22535.828 23125.373 23751.673 25057.190 1.001 10000
Ntot[35]     21889.596   951.600 20112.474 21238.052 21855.975 22500.168 23876.753 1.001  5800
Ntot[36]     23420.996  1026.536 21493.955 22718.457 23390.645 24093.360 25517.607 1.001  6200
Ntot[37]     23791.160   979.304 21947.920 23121.680 23759.661 24436.974 25791.317 1.001  6600
Ntot[38]     22599.703  1499.942 19992.367 21563.413 22476.455 23515.634 25925.672 1.002  1300
Ntot[39]     21998.861  2184.117 18610.331 20490.626 21699.165 23185.617 27202.537 1.003  1400
Ntot[40]     22797.487  2325.085 19213.152 21197.832 22473.373 24041.244 28356.184 1.003  1500
logNtot[1]      10.876     0.062    10.754    10.834    10.876    10.917    10.998 1.001 10000
logNtot[2]      10.874     0.164    10.568    10.759    10.865    10.979    11.223 1.001 10000
logNtot[3]      10.870     0.220    10.458    10.716    10.866    11.015    11.324 1.001  4200
logNtot[4]      10.867     0.246    10.395    10.701    10.862    11.028    11.365 1.001 10000
logNtot[5]      10.857     0.245    10.388    10.692    10.854    11.019    11.348 1.001 10000
logNtot[6]      10.839     0.218    10.419    10.692    10.835    10.985    11.267 1.001 10000
logNtot[7]      10.817     0.149    10.542    10.714    10.811    10.912    11.127 1.001 10000
logNtot[8]      10.794     0.148    10.527    10.692    10.787    10.889    11.104 1.001  4200
logNtot[9]      10.772     0.207    10.393    10.629    10.763    10.905    11.208 1.003 10000
logNtot[10]     10.811     0.222    10.419    10.656    10.798    10.948    11.285 1.003 10000
logNtot[11]     10.835     0.210    10.479    10.689    10.813    10.962    11.301 1.003  2700
logNtot[12]     10.818     0.199    10.490    10.677    10.797    10.937    11.260 1.002  3300
logNtot[13]     10.786     0.181    10.491    10.656    10.770    10.895    11.194 1.003  2200
logNtot[14]     10.774     0.141    10.531    10.675    10.761    10.862    11.085 1.001 10000
logNtot[15]     10.649     0.055    10.543    10.611    10.648    10.686    10.760 1.001  6600
logNtot[16]     10.712     0.140    10.472    10.614    10.702    10.798    11.018 1.001  9800
logNtot[17]     10.717     0.163    10.447    10.600    10.700    10.815    11.080 1.001 10000
logNtot[18]     10.652     0.175    10.365    10.526    10.631    10.755    11.042 1.001  8600
logNtot[19]     10.583     0.168    10.306    10.465    10.567    10.682    10.965 1.001 10000
logNtot[20]     10.616     0.126    10.397    10.527    10.605    10.695    10.886 1.001 10000
logNtot[21]     10.744     0.049    10.647    10.711    10.744    10.776    10.841 1.001 10000
logNtot[22]     10.827     0.049    10.731    10.793    10.826    10.860    10.923 1.001  3800
logNtot[23]     10.966     0.050    10.868    10.932    10.965    10.999    11.065 1.002  1800
logNtot[24]     10.901     0.075    10.759    10.850    10.899    10.950    11.055 1.001  3500
logNtot[25]     10.745     0.053    10.644    10.710    10.744    10.779    10.851 1.001 10000
logNtot[26]     10.853     0.054    10.748    10.816    10.852    10.889    10.960 1.002   980
logNtot[27]     10.709     0.054    10.602    10.673    10.710    10.745    10.817 1.001 10000
logNtot[28]     10.513     0.047    10.421    10.481    10.512    10.544    10.606 1.001 10000
logNtot[29]     10.300     0.048    10.208    10.267    10.300    10.332    10.394 1.001  6100
logNtot[30]     10.231     0.041    10.150    10.204    10.232    10.259    10.311 1.001 10000
logNtot[31]     10.110     0.042    10.029    10.082    10.110    10.137    10.194 1.002   970
logNtot[32]     10.161     0.084    10.010    10.102    10.157    10.213    10.336 1.002 10000
logNtot[33]     10.111     0.044    10.026    10.082    10.111    10.140    10.201 1.001  2600
logNtot[34]     10.049     0.040     9.970    10.023    10.049    10.075    10.129 1.001 10000
logNtot[35]      9.993     0.043     9.909     9.964     9.992    10.021    10.081 1.001  5800
logNtot[36]     10.060     0.044     9.976    10.031    10.060    10.090    10.147 1.001  6300
logNtot[37]     10.076     0.041     9.996    10.049    10.076    10.104    10.158 1.001  6500
logNtot[38]     10.024     0.066     9.903     9.979    10.020    10.065    10.163 1.002  1300
logNtot[39]      9.994     0.096     9.831     9.928     9.985    10.051    10.211 1.003  1400
logNtot[40]     10.029     0.098     9.863     9.962    10.020    10.088    10.253 1.003  1500
mean.r[1]        0.008     0.055    -0.099    -0.030     0.008     0.045     0.115 1.004   540
mean.r[2]        0.196     0.056     0.088     0.159     0.196     0.234     0.305 1.005   440
mean.r[3]        0.225     0.056     0.114     0.187     0.225     0.263     0.335 1.004   530
mean.r[4]        0.262     0.056     0.151     0.223     0.261     0.299     0.373 1.002  1200
mean.r[5]       -0.026     0.055    -0.131    -0.063    -0.026     0.011     0.084 1.006   300
mean.r[6]        0.036     0.055    -0.073     0.000     0.036     0.072     0.143 1.003   740
mean.r[7]        0.095     0.056    -0.013     0.057     0.094     0.132     0.208 1.006   310
mean.r[8]        0.081     0.059    -0.033     0.040     0.080     0.120     0.196 1.003   590
mean.r[9]        0.045     0.058    -0.070     0.006     0.045     0.085     0.160 1.006   290
mean.r[10]       0.086     0.059    -0.029     0.047     0.086     0.126     0.201 1.004   730
mean.r[11]       0.096     0.058    -0.017     0.056     0.096     0.135     0.211 1.004   450
r.proj[1]       -0.050     0.004    -0.058    -0.052    -0.050    -0.047    -0.041 1.001 10000
r.proj[2]        0.138     0.011     0.116     0.130     0.138     0.146     0.160 1.001 10000
r.proj[3]        0.167     0.012     0.143     0.158     0.167     0.175     0.190 1.003   860
r.proj[4]        0.205     0.011     0.184     0.197     0.205     0.212     0.226 1.001  2600
r.proj[5]       -0.083     0.004    -0.091    -0.086    -0.083    -0.080    -0.075 1.001 10000
r.proj[6]       -0.022     0.004    -0.030    -0.024    -0.022    -0.019    -0.013 1.001  8400
r.proj[7]        0.037     0.010     0.018     0.030     0.037     0.044     0.057 1.001 10000
r.proj[8]        0.024     0.019    -0.013     0.012     0.024     0.037     0.061 1.001  9400
r.proj[9]       -0.012     0.018    -0.048    -0.024    -0.012     0.001     0.025 1.001 10000
r.proj[10]       0.029     0.018    -0.006     0.017     0.029     0.041     0.064 1.001  3900
r.proj[11]       0.037     0.018     0.001     0.025     0.037     0.049     0.072 1.001 10000
r.tot[2]        -0.002     0.159    -0.297    -0.111    -0.010     0.100     0.335 1.001 10000
r.tot[3]        -0.004     0.182    -0.361    -0.124    -0.006     0.117     0.357 1.001  5200
r.tot[4]        -0.002     0.182    -0.355    -0.124    -0.004     0.119     0.358 1.001  6700
r.tot[5]        -0.010     0.182    -0.371    -0.132    -0.011     0.113     0.340 1.001 10000
r.tot[6]        -0.018     0.183    -0.389    -0.136    -0.016     0.101     0.343 1.001  8400
r.tot[7]        -0.022     0.179    -0.374    -0.143    -0.022     0.099     0.326 1.001 10000
r.tot[8]        -0.022     0.185    -0.377    -0.147    -0.024     0.099     0.352 1.001 10000
r.tot[9]        -0.022     0.172    -0.346    -0.140    -0.025     0.092     0.324 1.003 10000
r.tot[10]        0.039     0.166    -0.280    -0.074     0.036     0.147     0.368 1.001 10000
r.tot[11]        0.024     0.158    -0.285    -0.082     0.022     0.129     0.330 1.001  2700
r.tot[12]       -0.017     0.156    -0.334    -0.119    -0.016     0.087     0.287 1.002 10000
r.tot[13]       -0.032     0.146    -0.333    -0.124    -0.028     0.064     0.246 1.002 10000
r.tot[14]       -0.012     0.141    -0.304    -0.103    -0.005     0.085     0.249 1.003  2100
r.tot[15]       -0.125     0.138    -0.429    -0.210    -0.114    -0.030     0.118 1.001  7600
r.tot[16]        0.063     0.136    -0.176    -0.034     0.054     0.147     0.355 1.001 10000
r.tot[17]        0.005     0.131    -0.245    -0.082     0.003     0.088     0.271 1.001  2700
r.tot[18]       -0.066     0.134    -0.326    -0.153    -0.067     0.019     0.208 1.002 10000
r.tot[19]       -0.068     0.137    -0.344    -0.153    -0.066     0.020     0.201 1.002  2700
r.tot[20]        0.033     0.134    -0.257    -0.049     0.040     0.123     0.279 1.001 10000
r.tot[21]        0.128     0.126    -0.143     0.047     0.136     0.217     0.348 1.001 10000
r.tot[22]        0.083     0.066    -0.045     0.039     0.082     0.128     0.212 1.001 10000
r.tot[23]        0.139     0.067     0.007     0.094     0.140     0.185     0.270 1.002  1100
r.tot[24]       -0.065     0.084    -0.225    -0.122    -0.065    -0.010     0.106 1.001 10000
r.tot[25]       -0.156     0.086    -0.326    -0.213    -0.155    -0.096     0.009 1.001  4300
r.tot[26]        0.108     0.072    -0.035     0.060     0.108     0.156     0.249 1.002  1700
r.tot[27]       -0.144     0.073    -0.288    -0.192    -0.144    -0.095     0.001 1.002  1400
r.tot[28]       -0.197     0.068    -0.331    -0.242    -0.197    -0.152    -0.062 1.001 10000
r.tot[29]       -0.212     0.064    -0.336    -0.255    -0.213    -0.171    -0.087 1.001  4300
r.tot[30]       -0.069     0.060    -0.187    -0.109    -0.068    -0.027     0.050 1.001  5900
r.tot[31]       -0.121     0.056    -0.230    -0.159    -0.122    -0.085    -0.009 1.002  1400
r.tot[32]        0.051     0.088    -0.113    -0.010     0.048     0.107     0.235 1.002  1800
r.tot[33]       -0.049     0.087    -0.231    -0.104    -0.046     0.010     0.112 1.002 10000
r.tot[34]       -0.062     0.057    -0.173    -0.100    -0.062    -0.024     0.048 1.001  3100
r.tot[35]       -0.056     0.056    -0.164    -0.094    -0.057    -0.019     0.056 1.001 10000
r.tot[36]        0.068     0.059    -0.049     0.028     0.067     0.107     0.182 1.001 10000
r.tot[37]        0.016     0.057    -0.095    -0.023     0.016     0.053     0.129 1.001  2900
r.tot[38]       -0.053     0.072    -0.189    -0.102    -0.054    -0.006     0.093 1.001  3100
r.tot[39]       -0.029     0.079    -0.177    -0.082    -0.032     0.021     0.138 1.001 10000
r.tot[40]        0.035     0.005     0.027     0.032     0.035     0.038     0.046 1.001 10000
sigma            0.339     0.016     0.305     0.330     0.340     0.349     0.371 1.666     5
deviance      -493.906    49.086  -569.541  -529.228  -501.628  -465.736  -378.393 1.018   110

For each parameter, n.eff is a crude measure of effective sample size,
and Rhat is the potential scale reduction factor (at convergence, Rhat=1).

DIC info (using the rule, pD = var(deviance)/2)
pD = 1193.3 and DIC = 699.4
DIC is an estimate of expected predictive error (lower deviance is better).
