-----------------------------------------------------

><> Run  Mountain_zebra completed in 0 min and 24 sec <><
-----------------------------------------------------

><>><>><>><>><>><>><>><>><>><>><>><>><>><>
><> Input Mountain_zebra census <><
><>><>><>><>><>><>><>><>><>><>><>><>><>><>

$assessment
[1] Mountain_zebra
Levels: Afr_penguin BSH_SAtl Cape_gannet Chin_penguin Mountain_zebra SMA_Natl StripedMarlin.IOTC

$abundance
[1] census
Levels: census relative

$generation.time
[1] 15

$K.penalty
[1] FALSE

$sigma.obs.est
[1] TRUE

$sigma.obs.add
[1] 0.1

$sigma.proc.fixed
[1] FALSE

$prjr.type
[1] all
Levels: all

$proj.stoch
[1] FALSE

$start.year
[1] 1985

$end.year
[1] 2015


><>><>><>><>><>><>><>><>><>><>><>><>><>><>
><> Parameter Estimates Mountain_zebra census <><
><>><>><>><>><>><>><>><>><>><>><>><>><>><>

         Median    LCI   UCI Geweke.p Heidelberger.p
mean.r.1  0.058  0.023 0.098    0.030          0.058
mean.r.2  0.077  0.032 0.121    0.076          0.235
mean.r.3  0.021 -0.020 0.065    0.037          0.172
mean.r.4  0.072  0.028 0.111    0.001          0.194
mean.r.5  0.085  0.043 0.130    0.952          0.765
mean.r.6  0.092  0.048 0.135    0.853          0.996
mean.r.7  0.074  0.035 0.122    0.158          0.587
mean.r.8  0.118  0.072 0.159    0.732          0.404
mean.r.9  0.063  0.023 0.105    0.038          0.192
sigma     0.125  0.105 0.141    0.653          0.843

><>><>><>><>><>><>><>><>><>><>><>><>><>><>
><> JAGS output Mountain_zebra census <><
><>><>><>><>><>><>><>><>><>><>><>><>><>><>

Inference for Bugs model at "C:/Work/Research/Github/JARA//Mountain_zebra/output1/jara.jags", fit using jags,
 2 chains, each with 1100 iterations (first 1000 discarded)
 n.sims = 200 iterations saved
             mu.vect sd.vect     2.5%      25%      50%      75%    97.5%  Rhat n.eff
N.est[1,1]    24.674   2.149   20.329   23.188   24.461   26.097   28.707 0.997   200
N.est[2,1]    25.798   3.578   20.092   23.221   25.406   27.876   32.883 1.020    81
N.est[3,1]    26.962   4.255   19.379   24.058   26.801   29.597   37.409 1.001   200
N.est[4,1]    28.254   4.447   21.121   25.241   27.522   30.621   38.955 1.009   140
N.est[5,1]    29.422   4.023   22.416   26.301   29.111   32.066   38.022 1.042    38
N.est[6,1]    30.407   2.852   25.391   28.625   30.088   32.394   36.203 0.996   200
N.est[7,1]    32.510   3.816   25.431   29.906   32.266   35.063   39.538 1.002   200
N.est[8,1]    35.174   4.285   27.976   32.421   34.736   38.133   44.454 0.999   200
N.est[9,1]    37.181   3.377   30.672   35.297   37.059   39.237   44.532 1.008   170
N.est[10,1]   43.036   4.764   33.792   39.915   42.908   45.679   53.821 1.011   200
N.est[11,1]   50.212   4.664   42.204   46.815   50.030   53.342   59.728 0.999   200
N.est[12,1]   51.745   6.398   40.207   47.310   51.507   55.876   65.212 1.015   200
N.est[13,1]   53.067   6.619   41.864   48.236   52.793   57.132   66.108 1.001   200
N.est[14,1]   54.516   5.097   45.047   50.805   54.259   57.798   64.326 1.006   200
N.est[15,1]   57.912   8.351   42.611   52.109   57.218   63.142   73.984 1.010   200
N.est[16,1]   62.671  10.641   46.716   54.763   62.306   68.627   85.500 1.002   200
N.est[17,1]   67.154  14.056   44.333   57.631   64.234   76.638   95.923 1.001   200
N.est[18,1]   70.896  14.995   47.671   60.302   69.334   78.799  108.648 0.998   200
N.est[19,1]   74.685  15.576   50.899   63.297   71.792   83.147  111.743 1.007   200
N.est[20,1]   80.172  19.168   47.741   67.725   77.011   91.544  121.353 1.001   200
N.est[21,1]   83.165  18.074   52.895   70.718   81.733   94.186  122.948 0.997   200
N.est[22,1]   88.410  17.471   59.301   75.211   85.724  101.261  123.799 0.997   200
N.est[23,1]   93.526  16.725   62.568   81.676   91.576  106.143  124.960 1.004   200
N.est[24,1]   98.817  14.557   71.122   89.409   96.701  107.399  131.942 1.011   100
N.est[25,1]  105.079   9.595   88.979   99.134  103.915  110.241  125.845 1.003   200
N.est[26,1]  106.631  14.524   84.023   95.843  105.790  116.054  134.915 0.996   200
N.est[27,1]  106.521  18.146   77.884   93.414  103.997  116.451  147.219 0.999   200
N.est[28,1]  106.390  18.113   74.291   94.023  105.303  118.014  147.252 1.004   200
N.est[29,1]  106.725  18.214   78.519   93.737  103.106  116.099  150.061 1.009   120
N.est[30,1]  105.355  15.592   78.026   95.852  103.650  114.236  138.483 1.001   200
N.est[31,1]  104.226  10.957   84.546   96.611  103.717  110.965  125.522 1.005   200
N.est[32,1]  109.401  11.892   87.764  101.388  108.784  116.655  132.555 1.004   200
N.est[33,1]  114.835  12.902   91.573  106.028  114.258  122.780  139.983 1.003   200
N.est[34,1]  120.542  13.990   95.436  110.748  120.001  129.246  147.827 1.003   200
N.est[35,1]  126.535  15.163   99.205  116.187  125.844  136.013  156.111 1.002   200
N.est[36,1]  132.828  16.426  103.123  121.904  132.224  143.290  164.858 1.001   200
N.est[37,1]  139.437  17.784  107.196  127.442  139.115  150.861  174.096 1.001   200
N.est[38,1]  146.379  19.243  111.429  133.233  146.065  158.488  183.851 1.001   200
N.est[39,1]  153.414  20.394  115.830  139.468  153.279  165.802  194.154 1.001   200
N.est[40,1]  160.475  21.436  120.405  146.247  160.914  172.721  202.405 1.001   200
N.est[41,1]  167.194  22.239  125.161  153.021  167.616  179.360  213.346 1.000   200
N.est[42,1]  173.105  22.446  130.104  158.736  174.603  184.325  219.083 1.000   200
N.est[43,1]  178.203  22.323  135.247  163.585  177.338  190.722  225.575 0.998   200
N.est[44,1]  182.192  22.313  138.266  169.153  180.822  196.392  229.523 0.996   200
N.est[45,1]  185.522  22.640  143.232  172.010  183.730  199.766  235.288 0.996   200
N.est[46,1]  188.055  23.090  149.046  172.337  186.907  201.987  241.623 0.998   200
N.est[47,1]  190.042  23.450  153.105  174.138  188.509  203.560  243.123 0.999   200
N.est[1,2]   148.881  13.838  123.302  139.024  148.892  159.632  173.372 0.997   200
N.est[2,2]   144.722  14.830  118.940  133.636  144.280  154.565  178.015 1.003   200
N.est[3,2]   141.204  11.693  119.889  133.629  139.844  149.194  165.884 0.997   200
N.est[4,2]   156.526  11.335  136.122  148.639  156.546  164.001  177.713 1.000   200
N.est[5,2]   175.629  13.490  151.491  166.385  172.772  185.042  204.711 0.997   200
N.est[6,2]   184.724  14.951  156.324  175.136  184.915  194.672  218.766 0.996   200
N.est[7,2]   200.971  15.555  170.899  189.427  200.758  212.120  230.982 0.997   200
N.est[8,2]   224.157  17.721  191.573  212.731  224.441  236.791  257.611 0.998   200
N.est[9,2]   236.124  15.648  212.083  223.901  233.913  246.567  267.249 1.007   200
N.est[10,2]  250.621  19.055  218.021  238.257  250.472  261.712  293.527 1.017   100
N.est[11,2]  248.476  18.230  211.489  235.619  247.564  260.931  281.565 1.004   200
N.est[12,2]  241.651  18.890  205.797  231.261  240.508  253.315  284.829 1.010   110
N.est[13,2]  228.820  16.992  198.560  216.982  228.058  239.780  263.494 1.039    49
N.est[14,2]  234.297  17.903  201.390  221.328  233.348  246.901  264.170 0.996   200
N.est[15,2]  258.703  21.075  218.390  246.517  258.412  272.402  295.309 1.003   200
N.est[16,2]  279.118  33.025  224.115  252.487  278.592  296.924  349.122 1.001   200
N.est[17,2]  299.235  37.957  232.474  270.718  297.050  322.182  375.663 1.007   200
N.est[18,2]  320.413  25.873  276.422  302.014  316.148  336.650  375.255 1.012   130
N.est[19,2]  310.615  25.236  266.760  293.220  309.965  324.402  366.252 1.010   130
N.est[20,2]  314.174  23.648  272.467  299.877  312.648  328.668  361.190 1.023    64
N.est[21,2]  334.056  26.629  282.779  315.298  333.577  354.799  382.920 1.001   200
N.est[22,2]  365.415  29.185  315.023  343.181  362.105  389.245  424.422 1.004   200
N.est[23,2]  419.995  44.426  341.600  387.103  417.679  450.919  511.503 1.033    56
N.est[24,2]  484.160  40.405  413.632  454.646  483.327  506.202  577.558 0.998   200
N.est[25,2]  564.349  42.703  483.238  534.420  563.990  594.373  649.358 1.019   120
N.est[26,2]  623.338  46.311  538.392  586.394  622.257  657.580  714.024 1.004   200
N.est[27,2]  681.116  50.041  583.842  647.221  680.532  716.174  773.573 1.001   200
N.est[28,2]  744.594  53.900  648.498  705.989  744.075  782.020  840.038 1.000   200
N.est[29,2]  811.864  65.286  687.894  770.212  811.827  853.219  938.197 0.999   200
N.est[30,2]  961.294 101.713  772.107  889.255  953.693 1037.692 1152.958 0.997   200
N.est[31,2] 1113.275  97.429  935.779 1045.169 1110.940 1170.138 1309.038 1.018    77
N.est[32,2] 1120.161  94.741  947.952 1054.051 1116.273 1177.118 1309.038 1.016    81
N.est[33,2] 1122.023  95.550  947.952 1054.051 1116.528 1182.926 1309.038 1.015    88
N.est[34,2] 1122.023  95.550  947.952 1054.051 1116.528 1182.926 1309.038 1.015    88
N.est[35,2] 1122.023  95.550  947.952 1054.051 1116.528 1182.926 1309.038 1.015    88
N.est[36,2] 1122.023  95.550  947.952 1054.051 1116.528 1182.926 1309.038 1.015    88
N.est[37,2] 1122.023  95.550  947.952 1054.051 1116.528 1182.926 1309.038 1.015    88
N.est[38,2] 1122.023  95.550  947.952 1054.051 1116.528 1182.926 1309.038 1.015    88
N.est[39,2] 1122.023  95.550  947.952 1054.051 1116.528 1182.926 1309.038 1.015    88
N.est[40,2] 1122.023  95.550  947.952 1054.051 1116.528 1182.926 1309.038 1.015    88
N.est[41,2] 1122.023  95.550  947.952 1054.051 1116.528 1182.926 1309.038 1.015    88
N.est[42,2] 1122.023  95.550  947.952 1054.051 1116.528 1182.926 1309.038 1.015    88
N.est[43,2] 1122.023  95.550  947.952 1054.051 1116.528 1182.926 1309.038 1.015    88
N.est[44,2] 1122.023  95.550  947.952 1054.051 1116.528 1182.926 1309.038 1.015    88
N.est[45,2] 1122.023  95.550  947.952 1054.051 1116.528 1182.926 1309.038 1.015    88
N.est[46,2] 1122.023  95.550  947.952 1054.051 1116.528 1182.926 1309.038 1.015    88
N.est[47,2] 1122.023  95.550  947.952 1054.051 1116.528 1182.926 1309.038 1.015    88
N.est[1,3]    18.494   1.847   15.296   17.153   18.437   19.748   21.739 1.004   200
N.est[2,3]    18.126   2.605   14.001   16.207   17.909   19.692   23.619 1.013   200
N.est[3,3]    17.603   2.716   12.733   15.705   17.402   19.345   22.915 1.011   200
N.est[4,3]    17.162   2.394   12.581   15.405   17.186   18.906   21.804 1.002   200
N.est[5,3]    17.015   2.307   12.683   15.396   17.069   18.392   21.630 1.015   130
N.est[6,3]    16.566   1.555   13.548   15.697   16.415   17.511   19.711 1.012   200
N.est[7,3]    16.964   2.132   13.355   15.569   16.703   18.219   21.872 0.997   200
N.est[8,3]    17.565   2.263   13.733   15.782   17.294   18.919   22.193 1.013   200
N.est[9,3]    17.667   1.489   15.144   16.634   17.508   18.632   21.113 1.015   200
N.est[10,3]   19.273   2.086   14.985   17.903   19.133   20.685   23.494 1.007   200
N.est[11,3]   20.334   1.628   16.987   19.424   20.312   21.225   23.738 1.036   130
N.est[12,3]   21.490   2.455   17.185   19.584   21.231   22.991   26.237 1.009   200
N.est[13,3]   22.104   2.506   17.650   20.564   22.021   23.606   27.010 1.008   200
N.est[14,3]   22.646   1.878   18.711   21.405   22.568   23.928   26.634 1.011   200
N.est[15,3]   23.864   1.765   20.463   22.826   23.737   24.943   27.329 0.996   200
N.est[16,3]   26.550   2.176   22.824   25.161   26.334   27.888   31.592 1.008   200
N.est[17,3]   29.079   2.167   25.362   27.439   28.986   30.656   33.714 1.047    39
N.est[18,3]   31.560   2.254   27.478   30.076   31.536   33.027   35.885 1.010   130
N.est[19,3]   34.327   2.809   29.390   32.430   34.255   36.020   39.859 1.020   200
N.est[20,3]   37.381   2.711   32.291   35.476   37.079   39.266   42.272 0.999   200
N.est[21,3]   39.544   3.007   34.542   37.519   39.280   41.274   46.856 1.020    70
N.est[22,3]   41.072   3.009   35.191   39.092   40.881   42.975   46.675 0.996   200
N.est[23,3]   42.341   3.165   37.028   39.907   41.800   44.603   48.876 1.001   200
N.est[24,3]   43.625   3.288   37.916   41.400   43.593   45.562   49.647 0.997   200
N.est[25,3]   44.377   3.412   37.289   42.090   44.346   46.752   51.169 1.001   200
N.est[26,3]   42.405   5.522   33.951   38.507   41.895   45.901   52.857 0.999   200
N.est[27,3]   39.284   5.634   29.860   35.146   38.795   43.204   51.993 1.000   200
N.est[28,3]   37.088   4.910   29.517   33.446   36.328   40.640   47.011 1.008   180
N.est[29,3]   34.618   2.805   29.582   32.598   34.543   36.545   39.691 0.998   200
N.est[30,3]   32.595   3.556   26.897   30.086   32.096   35.027   40.515 1.019    71
N.est[31,3]   30.743   3.004   25.991   28.613   30.445   32.630   37.428 1.010   120
N.est[32,3]   31.266   3.145   26.159   29.089   30.967   33.297   37.783 1.010   120
N.est[33,3]   31.798   3.296   26.330   29.586   31.431   33.937   38.417 1.011   110
N.est[34,3]   32.329   3.433   26.503   30.105   31.998   34.577   39.151 1.012   110
N.est[35,3]   32.864   3.569   26.781   30.539   32.560   35.218   39.820 1.013   110
N.est[36,3]   33.388   3.684   26.898   30.942   33.006   35.857   40.845 1.013   100
N.est[37,3]   33.900   3.771   27.014   31.299   33.532   36.506   41.254 1.013   100
N.est[38,3]   34.391   3.828   27.184   31.685   34.109   37.266   41.585 1.014    97
N.est[39,3]   34.874   3.888   27.356   32.097   34.702   37.741   42.413 1.013   100
N.est[40,3]   35.341   3.928   27.529   32.602   35.282   38.248   42.450 1.011   110
N.est[41,3]   35.786   3.960   27.708   33.122   35.633   38.706   43.413 1.009   120
N.est[42,3]   36.189   3.961   28.007   33.648   36.158   38.867   43.706 1.008   130
N.est[43,3]   36.585   3.971   28.177   34.096   36.570   39.051   43.908 1.007   140
N.est[44,3]   36.956   3.968   28.305   34.625   37.107   39.338   44.215 1.006   150
N.est[45,3]   37.318   3.979   28.433   34.993   37.541   39.984   44.909 1.005   170
N.est[46,3]   37.642   3.967   28.601   35.345   37.849   40.360   44.913 1.004   190
N.est[47,3]   37.933   3.936   28.781   35.627   38.022   40.594   45.394 1.004   200
N.est[1,4]    12.308   1.233   10.178   11.500   12.280   13.150   14.717 1.001   200
N.est[2,4]    13.612   1.993   10.046   12.337   13.458   14.833   17.785 0.996   200
N.est[3,4]    15.024   2.356   10.902   13.496   14.745   16.276   20.062 1.005   200
N.est[4,4]    16.069   2.484   12.174   14.277   15.987   17.689   21.277 0.998   200
N.est[5,4]    17.568   2.558   13.985   15.631   16.990   19.164   23.896 1.000   200
N.est[6,4]    18.884   1.644   15.792   17.774   18.887   20.024   21.982 0.996   200
N.est[7,4]    20.565   2.500   16.555   18.863   20.399   22.191   25.683 0.999   200
N.est[8,4]    22.035   2.616   17.459   20.340   21.987   23.573   27.051 1.001   200
N.est[9,4]    23.637   1.982   19.984   22.300   23.580   24.944   27.801 0.997   200
N.est[10,4]   24.006   2.636   19.231   22.313   23.766   25.848   29.263 1.006   200
N.est[11,4]   23.667   2.059   20.042   22.097   23.603   25.176   27.375 1.011   200
N.est[12,4]   25.935   3.302   20.715   23.646   25.329   28.043   33.459 1.022    78
N.est[13,4]   28.156   3.516   22.511   25.534   27.862   30.040   36.380 1.030    53
N.est[14,4]   30.549   2.882   26.107   28.751   30.300   31.973   36.869 1.017   200
N.est[15,4]   31.945   3.982   24.693   29.218   31.267   34.262   40.826 1.005   170
N.est[16,4]   34.703   5.443   26.357   30.642   34.026   38.288   46.160 1.000   200
N.est[17,4]   36.617   6.359   25.794   32.200   36.183   40.287   51.935 0.999   200
N.est[18,4]   38.952   6.332   28.092   34.793   38.400   42.927   53.387 1.005   200
N.est[19,4]   41.855   5.960   32.465   37.379   41.504   45.357   54.055 1.010   110
N.est[20,4]   44.309   3.659   36.591   41.948   44.552   46.860   50.421 1.021   110
N.est[21,4]   46.641   3.593   39.730   44.473   46.474   48.758   54.128 1.000   200
N.est[22,4]   48.870   5.388   39.575   45.063   49.082   52.026   60.041 1.002   200
N.est[23,4]   51.104   3.945   44.707   48.478   50.665   53.633   59.362 0.998   200
N.est[24,4]   53.653   4.450   45.895   50.551   53.465   56.914   64.010 1.007   200
N.est[25,4]   56.827   7.486   41.358   51.823   57.310   61.579   71.595 0.996   200
N.est[26,4]   61.076  10.854   42.318   54.023   60.833   67.641   84.374 0.997   200
N.est[27,4]   64.748  11.706   43.283   56.533   64.077   71.782   85.800 1.018    74
N.est[28,4]   68.093  11.812   49.442   60.789   66.046   74.615   98.734 1.016    79
N.est[29,4]   70.774  10.184   53.871   64.375   69.961   76.299   95.053 1.002   200
N.est[30,4]   75.504  10.078   56.965   68.254   75.584   82.386   94.642 0.997   200
N.est[31,4]   80.411   8.072   65.918   74.981   79.771   85.206   96.790 1.016   200
N.est[32,4]   85.636   8.898   69.807   80.001   84.837   90.661  103.848 1.015   200
N.est[33,4]   91.203   9.808   73.965   85.225   90.306   96.711  111.537 1.014   200
N.est[34,4]   97.134  10.809   77.880   90.633   96.193  103.391  119.934 1.014   200
N.est[35,4]  103.378  11.848   82.047   96.459  102.413  110.099  128.522 1.013   200
N.est[36,4]  109.993  13.015   86.651  102.341  108.801  116.790  137.726 1.012   200
N.est[37,4]  116.864  14.116   91.512  108.684  115.231  124.496  147.516 1.009   200
N.est[38,4]  123.649  15.052   96.655  114.163  122.207  132.470  155.851 1.005   200
N.est[39,4]  129.511  15.615  102.087  120.799  127.786  138.693  160.291 1.005   170
N.est[40,4]  134.168  16.241  104.832  123.900  133.012  143.106  169.621 1.006   160
N.est[41,4]  137.466  17.039  107.794  125.219  136.435  147.157  178.755 1.006   180
N.est[42,4]  139.721  17.754  108.510  127.979  139.073  150.433  180.261 1.001   200
N.est[43,4]  140.896  18.405  108.510  128.953  139.585  154.735  180.261 0.999   200
N.est[44,4]  141.520  18.861  108.510  129.037  139.722  154.908  181.491 0.997   200
N.est[45,4]  141.794  19.133  108.510  129.142  139.722  154.908  181.491 0.997   200
N.est[46,4]  141.933  19.334  108.510  129.142  139.825  154.908  181.923 0.997   200
N.est[47,4]  141.933  19.334  108.510  129.142  139.825  154.908  181.923 0.997   200
N.est[1,5]    76.861   7.524   63.420   71.700   76.368   81.476   91.974 0.997   200
N.est[2,5]    77.853  10.730   58.522   70.861   78.208   85.318  101.356 1.025    61
N.est[3,5]    77.712  10.954   57.865   70.099   76.514   84.504  102.920 1.001   200
N.est[4,5]    78.030  11.642   59.629   68.889   77.139   85.914  101.486 1.006   150
N.est[5,5]    79.172  10.249   60.572   71.964   78.655   86.807   99.346 1.011   120
N.est[6,5]    78.868   7.440   66.322   74.037   78.095   82.927   94.669 1.016    90
N.est[7,5]    82.575   9.819   65.355   75.788   81.910   89.611  101.304 1.015   150
N.est[8,5]    87.710  10.913   68.295   80.680   86.136   93.918  108.501 0.996   200
N.est[9,5]    92.161   8.518   77.402   86.287   91.997   97.889  110.061 1.009   130
N.est[10,5]  107.342  12.093   84.984   98.077  106.165  115.579  131.816 1.003   200
N.est[11,5]  124.107  11.471  103.508  115.831  124.190  130.722  148.637 1.005   200
N.est[12,5]  151.481  17.848  122.643  138.982  149.115  162.504  191.115 0.999   200
N.est[13,5]  187.158  24.058  144.214  169.984  185.239  201.453  234.145 1.011   110
N.est[14,5]  227.559  23.521  188.412  211.211  224.890  240.477  277.579 0.999   200
N.est[15,5]  247.919  37.935  182.815  222.329  243.966  266.907  328.165 0.997   200
N.est[16,5]  270.339  50.911  189.489  230.490  264.537  302.521  363.124 1.008   200
N.est[17,5]  290.789  58.556  196.634  245.425  286.193  332.458  411.872 1.001   200
N.est[18,5]  310.322  65.330  200.765  258.363  309.839  350.775  438.268 1.004   200
N.est[19,5]  335.778  77.475  208.201  276.020  334.479  389.462  488.424 0.999   200
N.est[20,5]  357.425  78.948  228.708  294.930  351.025  413.931  505.157 1.011   100
N.est[21,5]  387.820  85.908  241.915  327.241  380.785  440.401  560.819 1.019    81
N.est[22,5]  413.567  87.960  262.895  349.391  411.047  469.265  610.235 1.003   200
N.est[23,5]  436.358  83.477  301.107  381.566  432.180  485.903  611.644 0.998   200
N.est[24,5]  465.037  76.491  339.755  407.934  461.021  512.702  637.022 1.006   200
N.est[25,5]  493.152  50.431  406.900  456.774  493.887  527.162  598.406 1.000   200
N.est[26,5]  539.445  79.727  401.236  479.503  538.993  593.157  699.052 1.012   170
N.est[27,5]  593.716  93.005  415.013  526.844  593.864  654.221  819.987 1.001   200
N.est[28,5]  662.883  97.599  501.866  590.203  662.998  729.808  848.471 0.996   200
N.est[29,5]  724.116  94.655  568.590  663.572  723.948  778.327  922.382 1.004   200
N.est[30,5]  784.900  60.517  668.887  745.749  784.301  821.426  892.723 1.007   140
N.est[31,5]  848.287  78.621  710.668  792.949  842.037  901.071 1002.967 0.999   200
N.est[32,5]  907.686  77.912  765.491  849.287  905.607  956.963 1068.896 1.000   200
N.est[33,5]  952.288  80.294  805.382  895.215  952.084 1002.580 1118.633 0.998   200
N.est[34,5]  976.326  82.981  833.707  915.220  971.373 1026.738 1158.339 1.002   200
N.est[35,5]  986.300  86.479  833.707  928.852  980.533 1033.335 1167.743 1.007   160
N.est[36,5]  988.724  89.004  833.707  928.852  983.134 1036.621 1167.743 1.010   140
N.est[37,5]  989.748  92.519  833.707  928.852  983.134 1036.621 1177.934 1.011   140
N.est[38,5]  989.748  92.519  833.707  928.852  983.134 1036.621 1177.934 1.011   140
N.est[39,5]  989.748  92.519  833.707  928.852  983.134 1036.621 1177.934 1.011   140
N.est[40,5]  989.748  92.519  833.707  928.852  983.134 1036.621 1177.934 1.011   140
N.est[41,5]  989.748  92.519  833.707  928.852  983.134 1036.621 1177.934 1.011   140
N.est[42,5]  989.748  92.519  833.707  928.852  983.134 1036.621 1177.934 1.011   140
N.est[43,5]  989.748  92.519  833.707  928.852  983.134 1036.621 1177.934 1.011   140
N.est[44,5]  989.748  92.519  833.707  928.852  983.134 1036.621 1177.934 1.011   140
N.est[45,5]  989.748  92.519  833.707  928.852  983.134 1036.621 1177.934 1.011   140
N.est[46,5]  989.748  92.519  833.707  928.852  983.134 1036.621 1177.934 1.011   140
N.est[47,5]  989.748  92.519  833.707  928.852  983.134 1036.621 1177.934 1.011   140
N.est[1,6]     7.740   0.740    6.399    7.272    7.697    8.235    9.257 0.996   200
N.est[2,6]     9.673   1.093    7.655    8.981    9.613   10.332   11.772 0.998   200
N.est[3,6]    12.199   1.067   10.076   11.421   12.224   12.896   14.253 1.006   200
N.est[4,6]    15.687   1.986   12.014   14.352   15.626   16.860   19.783 0.997   200
N.est[5,6]    19.489   2.426   15.527   17.845   19.137   20.887   25.112 0.999   200
N.est[6,6]    24.646   2.041   20.910   23.059   24.601   25.894   28.498 0.998   200
N.est[7,6]    28.732   3.041   23.403   26.778   28.608   30.354   34.816 1.008   200
N.est[8,6]    33.310   2.599   28.421   31.305   33.207   35.088   38.513 1.001   200
N.est[9,6]    43.119   2.914   37.450   41.094   42.944   45.143   49.424 1.000   200
N.est[10,6]   53.163   3.899   46.513   50.368   52.988   55.650   61.266 1.000   200
N.est[11,6]   61.772   4.556   53.390   58.432   61.183   64.842   71.107 0.999   200
N.est[12,6]   64.146   4.553   55.342   61.253   64.252   67.108   72.564 1.016   200
N.est[13,6]   66.048   4.685   57.095   62.737   65.935   68.809   75.953 0.996   200
N.est[14,6]   61.722   4.353   53.686   58.555   61.448   64.265   71.205 1.005   200
N.est[15,6]   62.998   4.763   54.652   59.681   62.363   66.462   73.188 1.005   170
N.est[16,6]   65.250   4.767   56.915   61.903   64.829   68.368   74.612 1.084    23
N.est[17,6]   69.459   5.098   60.975   65.926   69.178   72.517   81.262 1.004   190
N.est[18,6]   70.679   5.130   61.215   67.088   70.611   73.924   81.282 1.004   190
N.est[19,6]   73.956   5.499   64.610   70.287   73.293   77.317   84.841 1.012   180
N.est[20,6]   66.985   5.340   56.622   63.361   66.646   70.041   76.979 0.997   200
N.est[21,6]   70.459   9.052   54.839   64.876   69.106   75.778   89.265 1.017   180
N.est[22,6]   72.920  11.458   52.996   65.257   72.640   79.377   97.976 1.002   200
N.est[23,6]   75.959  12.550   52.882   66.615   74.597   83.750  103.365 1.016   200
N.est[24,6]   77.626  11.028   58.548   69.427   77.214   85.432   99.003 1.011   200
N.est[25,6]   80.856   7.121   66.890   76.323   81.481   85.612   94.614 1.005   170
N.est[26,6]   84.642  11.460   63.419   77.357   84.807   91.271  106.964 1.016   200
N.est[27,6]   88.630  13.484   64.022   79.802   87.596   97.161  116.088 0.996   200
N.est[28,6]   93.278  15.184   65.824   82.961   92.316  103.451  123.873 1.001   200
N.est[29,6]   96.096  13.660   70.746   86.605   96.501  105.985  123.124 0.999   200
N.est[30,6]   99.350  13.583   79.832   88.931   97.887  107.796  128.466 1.002   200
N.est[31,6]  102.119  10.088   85.780   94.010  101.304  109.744  121.625 1.055    31
N.est[32,6]  108.141  10.414   90.737  100.349  107.509  114.963  127.345 1.015    90
N.est[33,6]  111.858  11.575   91.595  104.008  111.403  118.617  136.689 0.998   200
N.est[34,6]  113.114  12.207   91.595  105.067  112.562  119.708  139.716 1.001   200
N.est[35,6]  113.677  12.774   91.595  105.067  113.094  120.467  139.716 0.998   200
N.est[36,6]  113.788  12.970   91.595  105.067  113.094  120.467  141.143 0.997   200
N.est[37,6]  113.843  13.067   91.595  105.067  113.094  120.467  142.528 0.996   200
N.est[38,6]  113.902  13.222   91.595  105.067  113.094  120.467  147.292 0.997   200
N.est[39,6]  113.902  13.222   91.595  105.067  113.094  120.467  147.292 0.997   200
N.est[40,6]  113.902  13.222   91.595  105.067  113.094  120.467  147.292 0.997   200
N.est[41,6]  113.902  13.222   91.595  105.067  113.094  120.467  147.292 0.997   200
N.est[42,6]  113.902  13.222   91.595  105.067  113.094  120.467  147.292 0.997   200
N.est[43,6]  113.902  13.222   91.595  105.067  113.094  120.467  147.292 0.997   200
N.est[44,6]  113.902  13.222   91.595  105.067  113.094  120.467  147.292 0.997   200
N.est[45,6]  113.902  13.222   91.595  105.067  113.094  120.467  147.292 0.997   200
N.est[46,6]  113.902  13.222   91.595  105.067  113.094  120.467  147.292 0.997   200
N.est[47,6]  113.902  13.222   91.595  105.067  113.094  120.467  147.292 0.997   200
N.est[1,7]    34.402   3.393   28.056   32.093   34.315   36.538   41.251 1.001   200
N.est[2,7]    38.125   5.370   28.749   34.712   37.722   41.345   50.974 1.003   200
N.est[3,7]    43.678   6.920   32.273   39.257   43.041   47.552   58.937 1.013   200
N.est[4,7]    49.448   8.310   36.853   43.136   48.516   54.577   67.780 1.012   200
N.est[5,7]    55.064   7.834   41.433   49.500   54.150   60.428   73.429 1.004   200
N.est[6,7]    61.353   5.433   51.623   57.716   60.676   64.967   73.100 1.008   200
N.est[7,7]    70.319   7.651   57.142   65.511   69.760   74.494   88.027 1.015   200
N.est[8,7]    79.011   6.098   67.440   74.977   78.708   83.191   90.712 1.009   200
N.est[9,7]    83.295   6.354   72.055   79.133   82.983   87.214   96.953 1.011   110
N.est[10,7]   89.018   6.370   79.093   84.015   88.429   93.077  103.377 1.004   190
N.est[11,7]   88.919   6.074   77.608   84.837   88.686   92.913  100.860 1.028    54
N.est[12,7]   94.891   7.625   82.475   89.667   94.018   99.455  111.468 1.017    75
N.est[13,7]  103.868  11.510   83.526   95.982  103.434  111.042  126.595 1.007   200
N.est[14,7]  112.212   8.656   94.730  106.788  111.950  117.782  129.043 0.997   200
N.est[15,7]  114.534   7.554   99.114  109.144  114.862  119.635  129.240 1.001   200
N.est[16,7]  124.833  10.030  106.704  117.885  124.301  131.039  146.127 0.999   200
N.est[17,7]  128.325   9.550  111.711  121.129  126.827  135.973  145.804 1.008   130
N.est[18,7]  120.949   9.722  101.967  114.907  120.497  126.497  143.449 0.997   200
N.est[19,7]  129.639   9.404  113.653  123.053  128.782  135.688  148.585 0.998   200
N.est[20,7]  122.743   9.435  106.713  116.434  122.445  128.169  143.161 1.002   200
N.est[21,7]  113.869  10.669   94.195  105.867  114.493  120.197  133.925 1.026   100
N.est[22,7]  121.312  17.472   92.582  109.061  120.936  132.591  161.058 1.000   200
N.est[23,7]  129.565  21.990   87.740  115.614  127.915  141.741  175.407 1.019   130
N.est[24,7]  136.384  25.233   92.430  119.871  135.414  147.136  190.708 1.031    52
N.est[25,7]  144.379  25.406   96.783  127.182  142.650  157.500  196.777 1.017    76
N.est[26,7]  150.427  21.524  109.650  135.469  149.330  164.628  200.326 1.006   150
N.est[27,7]  157.978  14.763  129.071  148.039  157.023  167.119  187.600 1.000   200
N.est[28,7]  176.157  23.764  134.435  158.093  174.037  192.889  224.527 0.999   200
N.est[29,7]  193.294  26.936  146.164  173.822  194.175  208.640  247.631 1.003   200
N.est[30,7]  210.891  28.708  160.958  190.042  211.160  231.068  271.378 1.006   200
N.est[31,7]  234.683  23.455  189.836  220.718  233.189  248.558  276.194 1.029    84
N.est[32,7]  248.601  25.269  200.155  233.739  245.479  263.846  296.533 1.021   110
N.est[33,7]  261.033  27.352  208.466  244.000  257.973  279.122  317.561 1.019    97
N.est[34,7]  270.555  30.624  212.114  251.034  268.198  290.726  329.813 1.014   120
N.est[35,7]  277.203  33.991  212.709  253.498  276.165  298.198  338.494 1.003   200
N.est[36,7]  280.201  35.314  215.986  255.462  277.914  305.808  354.208 1.008   150
N.est[37,7]  281.188  36.031  215.986  255.906  279.921  306.154  354.208 1.011   130
N.est[38,7]  281.462  36.200  215.986  255.906  279.921  306.284  354.208 1.013   110
N.est[39,7]  281.531  36.145  215.986  256.008  279.921  306.284  354.208 1.014   100
N.est[40,7]  281.604  36.116  215.986  256.008  279.921  306.284  354.208 1.014    99
N.est[41,7]  281.604  36.116  215.986  256.008  279.921  306.284  354.208 1.014    99
N.est[42,7]  281.604  36.116  215.986  256.008  279.921  306.284  354.208 1.014    99
N.est[43,7]  281.604  36.116  215.986  256.008  279.921  306.284  354.208 1.014    99
N.est[44,7]  281.604  36.116  215.986  256.008  279.921  306.284  354.208 1.014    99
N.est[45,7]  281.604  36.116  215.986  256.008  279.921  306.284  354.208 1.014    99
N.est[46,7]  281.604  36.116  215.986  256.008  279.921  306.284  354.208 1.014    99
N.est[47,7]  281.604  36.116  215.986  256.008  279.921  306.284  354.208 1.014    99
N.est[1,8]     7.325   0.738    5.968    6.846    7.284    7.736    8.750 1.005   200
N.est[2,8]     8.726   1.154    6.602    8.008    8.694    9.256   11.249 1.002   200
N.est[3,8]    10.273   1.533    7.138    9.300   10.124   11.129   13.706 1.016   200
N.est[4,8]    12.098   1.832    9.182   10.684   11.996   13.180   16.148 1.006   200
N.est[5,8]    14.068   1.961   10.996   12.589   13.970   15.360   18.531 1.015   200
N.est[6,8]    16.501   1.426   14.137   15.505   16.426   17.433   19.915 0.998   200
N.est[7,8]    20.554   2.160   16.392   19.063   20.483   21.827   25.283 1.007   130
N.est[8,8]    25.783   2.180   22.199   24.216   25.641   27.108   30.084 1.034    46
N.est[9,8]    31.569   2.559   27.007   29.820   31.501   33.259   37.066 0.997   200
N.est[10,8]   38.589   2.820   33.856   36.597   38.248   40.348   44.716 0.997   200
N.est[11,8]   44.787   3.289   38.628   42.674   44.674   46.747   51.561 1.011   160
N.est[12,8]   50.397   3.809   43.274   47.537   50.295   52.902   58.747 0.997   200
N.est[13,8]   62.518   6.631   49.823   58.380   62.578   66.063   75.165 1.019    76
N.est[14,8]   77.053   6.099   66.490   73.132   77.051   80.639   87.892 1.005   160
N.est[15,8]   84.179   6.477   73.594   79.552   84.020   88.207   96.836 1.004   200
N.est[16,8]   99.067   7.663   85.861   93.352   98.853  104.925  113.207 0.997   200
N.est[17,8]  119.180   8.212  104.678  113.119  119.435  124.267  138.823 1.020    76
N.est[18,8]  139.780  10.788  121.370  131.394  138.626  148.551  159.331 1.023    84
N.est[19,8]  150.645  10.924  128.887  143.760  150.059  157.754  172.583 1.008   130
N.est[20,8]  150.912  11.493  128.736  143.434  150.438  157.590  175.439 1.004   200
N.est[21,8]  143.743  11.897  123.742  135.696  142.810  152.214  167.576 1.002   200
N.est[22,8]  130.767  14.016  104.087  121.760  131.216  139.189  156.453 1.001   200
N.est[23,8]  117.269   9.910   96.547  110.934  117.923  122.908  136.867 1.006   200
N.est[24,8]  123.135  15.422   94.725  111.648  123.275  132.492  155.301 0.997   200
N.est[25,8]  130.367  15.669  104.063  118.940  130.345  140.303  163.009 0.997   200
N.est[26,8]  136.464  12.514  114.759  128.105  135.620  144.525  161.763 0.997   200
N.est[27,8]  139.486  18.568  107.048  127.535  139.374  150.883  179.802 0.998   200
N.est[28,8]  141.569  18.040  107.973  129.104  141.597  152.152  175.968 0.996   200
N.est[29,8]  146.010  15.133  121.063  134.935  145.070  156.322  178.002 1.005   200
N.est[30,8]  163.770  27.325  117.045  144.259  161.131  179.070  229.335 1.026   110
N.est[31,8]  186.139  38.622  123.257  155.806  184.186  207.499  276.372 1.028   170
N.est[32,8]  188.161  36.188  134.296  160.494  184.186  207.499  276.372 1.027   200
N.est[33,8]  188.816  35.352  138.934  160.991  184.186  207.499  276.372 1.019   200
N.est[34,8]  189.066  35.002  139.278  160.991  184.186  207.499  276.372 1.016   200
N.est[35,8]  189.121  34.908  139.278  160.991  184.186  207.499  276.372 1.014   200
N.est[36,8]  189.180  34.824  139.339  160.991  184.186  207.499  276.372 1.013   200
N.est[37,8]  189.244  34.756  139.339  160.991  184.186  207.499  276.372 1.012   200
N.est[38,8]  189.244  34.756  139.339  160.991  184.186  207.499  276.372 1.012   200
N.est[39,8]  189.244  34.756  139.339  160.991  184.186  207.499  276.372 1.012   200
N.est[40,8]  189.244  34.756  139.339  160.991  184.186  207.499  276.372 1.012   200
N.est[41,8]  189.244  34.756  139.339  160.991  184.186  207.499  276.372 1.012   200
N.est[42,8]  189.244  34.756  139.339  160.991  184.186  207.499  276.372 1.012   200
N.est[43,8]  189.244  34.756  139.339  160.991  184.186  207.499  276.372 1.012   200
N.est[44,8]  189.244  34.756  139.339  160.991  184.186  207.499  276.372 1.012   200
N.est[45,8]  189.244  34.756  139.339  160.991  184.186  207.499  276.372 1.012   200
N.est[46,8]  189.244  34.756  139.339  160.991  184.186  207.499  276.372 1.012   200
N.est[47,8]  189.244  34.756  139.339  160.991  184.186  207.499  276.372 1.012   200
N.est[1,9]    33.132   3.215   27.875   31.002   32.917   35.049   39.623 0.997   200
N.est[2,9]    35.758   4.948   27.474   31.957   35.552   38.544   45.551 1.004   200
N.est[3,9]    38.916   6.400   28.899   33.884   38.147   43.115   51.236 1.006   200
N.est[4,9]    41.838   6.347   30.553   37.107   41.203   46.027   55.959 1.006   200
N.est[5,9]    44.444   6.199   33.920   40.199   44.033   48.162   58.628 1.008   200
N.est[6,9]    47.622   4.004   39.866   45.248   47.760   49.986   55.605 0.996   200
N.est[7,9]    50.332   6.120   38.983   46.281   49.735   53.926   61.636 0.996   200
N.est[8,9]    52.965   6.134   41.670   48.358   52.901   57.348   64.339 0.998   200
N.est[9,9]    55.324   4.619   46.069   52.340   55.046   58.350   63.978 1.033    51
N.est[10,9]   59.413   6.656   46.859   54.090   59.800   63.860   71.830 1.000   200
N.est[11,9]   62.410   5.138   53.109   59.114   61.782   65.338   73.027 1.034    53
N.est[12,9]   68.561   7.990   53.749   63.091   67.379   72.714   86.961 1.000   200
N.est[13,9]   74.589   9.173   60.156   68.245   73.222   80.523   94.191 1.007   200
N.est[14,9]   80.912   8.167   66.266   75.300   81.028   86.210   96.112 1.020   110
N.est[15,9]   75.294  11.388   56.490   67.578   74.234   81.591   99.806 1.000   200
N.est[16,9]   71.382  12.170   53.082   63.171   69.894   78.890   99.144 1.016   200
N.est[17,9]   67.160  10.084   51.764   59.721   65.686   72.675   89.664 1.003   200
N.est[18,9]   62.327   8.062   48.688   56.603   62.520   67.364   80.115 1.007   200
N.est[19,9]   59.028   4.896   48.775   56.155   59.094   62.003   68.137 1.000   200
N.est[20,9]   77.413   5.771   67.377   73.167   77.150   81.151   89.172 1.016    80
N.est[21,9]   91.329   8.241   74.727   85.890   91.570   97.579  105.386 1.001   200
N.est[22,9]  103.187  11.481   82.121   96.135  102.977  109.385  128.501 0.996   200
N.est[23,9]  115.279   9.763   99.281  108.039  115.010  121.926  135.458 1.002   200
N.est[24,9]  127.532  14.925  104.036  115.671  127.187  135.337  162.780 1.015   200
N.est[25,9]  138.586  15.541  113.389  127.366  136.547  147.444  175.113 1.009   140
N.est[26,9]  149.361  13.394  128.897  140.239  147.669  158.704  176.978 1.005   170
N.est[27,9]  149.946  20.654  115.972  133.600  148.085  162.379  196.379 0.999   200
N.est[28,9]  151.656  21.782  115.077  136.450  147.741  166.716  197.809 0.996   200
N.est[29,9]  151.562  14.966  124.993  141.568  149.913  161.197  182.944 0.998   200
N.est[30,9]  160.406  23.582  117.995  144.338  158.275  176.248  211.976 1.004   200
N.est[31,9]  170.952  34.536  114.350  148.754  164.834  189.408  253.181 1.024   190
N.est[32,9]  173.775  32.701  119.357  154.333  167.362  190.560  253.181 1.024   200
N.est[33,9]  175.590  31.406  124.583  155.852  171.110  190.560  253.181 1.024   180
N.est[34,9]  176.869  30.519  130.038  157.836  171.742  190.560  253.181 1.023   160
N.est[35,9]  177.826  29.931  131.539  158.548  172.238  190.998  253.181 1.020   150
N.est[36,9]  178.527  29.636  132.312  159.192  172.397  191.194  253.181 1.018   170
N.est[37,9]  178.904  29.411  134.339  159.844  172.916  191.916  253.181 1.018   150
N.est[38,9]  179.136  29.281  135.504  159.844  173.073  191.916  253.181 1.020   140
N.est[39,9]  179.314  29.249  136.702  159.844  173.073  191.916  253.181 1.021   120
N.est[40,9]  179.392  29.138  137.795  159.844  173.073  191.916  253.181 1.021   120
N.est[41,9]  179.448  29.068  138.141  159.844  173.073  191.916  253.181 1.021   110
N.est[42,9]  179.476  29.041  138.141  159.844  173.073  191.916  253.181 1.021   110
N.est[43,9]  179.476  29.041  138.141  159.844  173.073  191.916  253.181 1.021   110
N.est[44,9]  179.476  29.041  138.141  159.844  173.073  191.916  253.181 1.021   110
N.est[45,9]  179.476  29.041  138.141  159.844  173.073  191.916  253.181 1.021   110
N.est[46,9]  179.476  29.041  138.141  159.844  173.073  191.916  253.181 1.021   110
N.est[47,9]  179.476  29.041  138.141  159.844  173.073  191.916  253.181 1.021   110
Ntot[1]      363.816  16.402  331.661  351.794  363.283  376.253  394.695 0.997   200
Ntot[2]      372.393  20.506  337.759  357.796  372.553  384.623  411.185 1.034    46
Ntot[3]      383.570  18.957  348.096  371.162  381.205  396.364  419.693 1.009   200
Ntot[4]      415.112  19.451  378.039  400.101  416.213  427.902  451.532 1.005   170
Ntot[5]      451.870  20.135  418.031  435.176  451.685  466.202  492.589 0.999   200
Ntot[6]      479.571  18.862  442.078  467.121  478.935  491.878  518.469 1.001   200
Ntot[7]      523.522  23.494  476.812  508.636  521.812  537.309  569.155 1.001   200
Ntot[8]      577.707  24.143  530.355  559.493  580.133  594.117  621.016 0.998   200
Ntot[9]      620.077  20.416  586.160  605.996  617.596  633.743  663.681 1.027   200
Ntot[10]     684.460  25.518  639.009  667.980  680.794  701.559  729.105 1.013   150
Ntot[11]     724.686  23.751  680.446  705.455  726.026  741.083  773.916 1.014   140
Ntot[12]     770.297  26.602  717.132  751.858  767.593  789.531  817.694 1.001   200
Ntot[13]     826.327  35.983  757.181  803.263  823.392  848.148  897.801 1.002   200
Ntot[14]     901.466  34.182  842.304  875.957  898.827  924.949  965.120 0.996   200
Ntot[15]     957.347  46.370  876.943  927.304  951.809  980.139 1052.196 1.010   200
Ntot[16]    1033.914  66.589  908.433  992.324 1031.587 1078.684 1168.311 1.008   130
Ntot[17]    1106.998  73.613  969.069 1056.304 1104.723 1146.130 1266.455 0.997   200
Ntot[18]    1165.881  72.770 1027.812 1119.795 1166.351 1210.770 1309.147 1.006   150
Ntot[19]    1210.527  85.486 1069.921 1148.893 1202.098 1263.598 1381.781 1.005   160
Ntot[20]    1251.515  81.551 1116.735 1189.141 1242.461 1313.420 1415.174 1.003   200
Ntot[21]    1310.626  92.554 1143.008 1247.280 1308.098 1369.293 1498.509 1.023    81
Ntot[22]    1385.520  98.793 1205.655 1308.644 1389.876 1439.847 1584.485 1.009   200
Ntot[23]    1481.396  98.834 1298.676 1415.520 1477.446 1542.939 1671.779 1.005   200
Ntot[24]    1609.970  88.855 1461.387 1551.698 1608.649 1667.251 1787.603 1.020   200
Ntot[25]    1757.972  77.625 1614.137 1709.204 1749.005 1805.028 1940.907 1.011   200
Ntot[26]    1893.788 103.191 1707.582 1815.812 1890.047 1960.888 2124.463 0.998   200
Ntot[27]    2021.425 104.983 1819.277 1946.878 2024.589 2090.435 2222.290 0.998   200
Ntot[28]    2181.708 110.893 1983.084 2112.868 2181.646 2259.876 2408.189 0.998   200
Ntot[29]    2335.059 116.633 2105.935 2256.945 2335.045 2404.946 2594.093 1.000   200
Ntot[30]    2594.066 130.684 2337.650 2508.506 2587.710 2693.110 2819.952 1.007   140
Ntot[31]    2870.835 137.819 2596.345 2789.647 2867.982 2957.450 3160.327 1.035    44
Ntot[32]    2972.829 136.396 2685.184 2894.290 2970.780 3059.622 3240.123 1.036    45
Ntot[33]    3049.445 139.938 2770.709 2959.122 3046.279 3134.466 3342.885 1.028    55
Ntot[34]    3097.958 140.412 2844.405 3012.681 3090.438 3182.868 3378.500 1.041    41
Ntot[35]    3128.925 142.511 2886.029 3042.296 3128.826 3219.436 3421.048 1.047    36
Ntot[36]    3148.652 144.949 2899.625 3059.195 3147.134 3242.681 3434.952 1.052    33
Ntot[37]    3165.151 147.625 2913.967 3073.707 3163.240 3257.418 3449.672 1.054    32
Ntot[38]    3179.932 147.730 2929.074 3088.614 3177.568 3273.205 3465.261 1.056    31
Ntot[39]    3193.560 147.765 2936.785 3100.517 3190.226 3286.401 3481.774 1.060    29
Ntot[40]    3205.896 148.264 2951.893 3113.588 3202.934 3302.294 3499.268 1.061    29
Ntot[41]    3216.414 148.803 2961.562 3119.968 3215.155 3312.116 3517.452 1.061    29
Ntot[42]    3225.011 149.252 2968.259 3127.078 3220.282 3320.316 3524.409 1.058    30
Ntot[43]    3231.681 149.544 2975.253 3138.962 3229.788 3328.232 3528.146 1.056    31
Ntot[44]    3236.664 149.634 2975.591 3141.617 3233.126 3335.874 3532.647 1.053    32
Ntot[45]    3240.629 149.485 2976.017 3147.367 3234.523 3338.571 3533.067 1.050    34
Ntot[46]    3243.626 149.265 2978.084 3149.596 3235.498 3339.729 3533.492 1.047    35
Ntot[47]    3245.905 148.992 2984.457 3149.729 3236.915 3339.938 3533.509 1.046    36
logNtot[1]     5.896   0.045    5.804    5.863    5.895    5.930    5.978 0.997   200
logNtot[2]     5.918   0.055    5.822    5.880    5.920    5.952    6.019 1.035    46
logNtot[3]     5.948   0.049    5.852    5.917    5.943    5.982    6.040 1.009   200
logNtot[4]     6.027   0.047    5.935    5.992    6.031    6.059    6.113 1.005   170
logNtot[5]     6.112   0.044    6.036    6.076    6.113    6.145    6.200 0.999   200
logNtot[6]     6.172   0.039    6.091    6.147    6.172    6.198    6.251 1.001   200
logNtot[7]     6.260   0.045    6.167    6.232    6.257    6.287    6.344 1.001   200
logNtot[8]     6.358   0.042    6.274    6.327    6.363    6.387    6.431 0.998   200
logNtot[9]     6.429   0.033    6.374    6.407    6.426    6.452    6.498 1.027   200
logNtot[10]    6.528   0.037    6.460    6.504    6.523    6.553    6.592 1.013   150
logNtot[11]    6.585   0.033    6.523    6.559    6.588    6.608    6.651 1.014   140
logNtot[12]    6.646   0.035    6.575    6.623    6.643    6.671    6.706 1.001   200
logNtot[13]    6.716   0.044    6.630    6.689    6.713    6.743    6.800 1.002   200
logNtot[14]    6.803   0.038    6.736    6.775    6.801    6.830    6.872 0.996   200
logNtot[15]    6.863   0.048    6.776    6.832    6.858    6.888    6.959 1.009   200
logNtot[16]    6.939   0.064    6.812    6.900    6.939    6.983    7.063 1.008   130
logNtot[17]    7.007   0.066    6.876    6.963    7.007    7.044    7.144 0.997   200
logNtot[18]    7.059   0.062    6.935    7.021    7.062    7.099    7.177 1.006   150
logNtot[19]    7.096   0.070    6.975    7.047    7.092    7.142    7.231 1.005   160
logNtot[20]    7.130   0.065    7.018    7.081    7.125    7.180    7.255 1.003   200
logNtot[21]    7.176   0.070    7.041    7.129    7.176    7.222    7.312 1.023    80
logNtot[22]    7.231   0.071    7.095    7.177    7.237    7.272    7.368 1.009   200
logNtot[23]    7.299   0.066    7.169    7.255    7.298    7.341    7.422 1.004   200
logNtot[24]    7.382   0.055    7.287    7.347    7.383    7.419    7.489 1.020   200
logNtot[25]    7.471   0.044    7.387    7.444    7.467    7.498    7.571 1.011   200
logNtot[26]    7.545   0.054    7.443    7.504    7.544    7.581    7.661 0.998   200
logNtot[27]    7.610   0.052    7.506    7.574    7.613    7.645    7.706 0.998   200
logNtot[28]    7.687   0.051    7.592    7.656    7.688    7.723    7.787 0.998   200
logNtot[29]    7.755   0.050    7.653    7.722    7.756    7.785    7.861 1.000   200
logNtot[30]    7.860   0.051    7.757    7.827    7.859    7.898    7.944 1.007   140
logNtot[31]    7.961   0.048    7.862    7.934    7.961    7.992    8.058 1.035    44
logNtot[32]    7.996   0.046    7.896    7.970    7.997    8.026    8.083 1.036    45
logNtot[33]    8.022   0.046    7.927    7.993    8.022    8.050    8.115 1.028    55
logNtot[34]    8.037   0.045    7.953    8.011    8.036    8.066    8.125 1.041    41
logNtot[35]    8.047   0.046    7.968    8.020    8.048    8.077    8.138 1.047    36
logNtot[36]    8.054   0.046    7.972    8.026    8.054    8.084    8.142 1.052    33
logNtot[37]    8.059   0.046    7.977    8.031    8.059    8.089    8.146 1.054    32
logNtot[38]    8.064   0.046    7.982    8.035    8.064    8.094    8.151 1.056    31
logNtot[39]    8.068   0.046    7.985    8.039    8.068    8.098    8.155 1.060    29
logNtot[40]    8.072   0.046    7.990    8.044    8.072    8.102    8.160 1.061    29
logNtot[41]    8.075   0.046    7.993    8.046    8.076    8.105    8.165 1.061    29
logNtot[42]    8.078   0.046    7.996    8.048    8.077    8.108    8.167 1.058    30
logNtot[43]    8.080   0.046    7.998    8.052    8.080    8.110    8.169 1.056    31
logNtot[44]    8.081   0.046    7.998    8.052    8.081    8.112    8.170 1.053    32
logNtot[45]    8.082   0.046    7.998    8.054    8.082    8.113    8.170 1.050    34
logNtot[46]    8.083   0.046    7.999    8.055    8.082    8.114    8.170 1.047    35
logNtot[47]    8.084   0.046    8.001    8.055    8.082    8.114    8.170 1.046    36
mean.r[1]      0.059   0.021    0.023    0.046    0.058    0.074    0.098 1.000   200
mean.r[2]      0.076   0.023    0.032    0.061    0.077    0.091    0.121 0.996   200
mean.r[3]      0.022   0.024   -0.020    0.005    0.021    0.039    0.065 1.004   200
mean.r[4]      0.071   0.022    0.028    0.057    0.072    0.086    0.111 1.021    69
mean.r[5]      0.087   0.023    0.043    0.075    0.085    0.103    0.130 1.020   110
mean.r[6]      0.092   0.022    0.048    0.075    0.092    0.107    0.135 1.011   100
mean.r[7]      0.074   0.023    0.035    0.057    0.074    0.088    0.122 1.040    40
mean.r[8]      0.116   0.023    0.072    0.099    0.118    0.133    0.159 1.003   200
mean.r[9]      0.063   0.022    0.023    0.048    0.063    0.078    0.105 0.997   200
r.proj[1]      0.048   0.005    0.039    0.045    0.048    0.051    0.057 1.001   200
r.proj[2]      0.067   0.005    0.058    0.064    0.067    0.071    0.076 1.003   200
r.proj[3]      0.017   0.005    0.007    0.014    0.017    0.020    0.025 1.006   160
r.proj[4]      0.063   0.005    0.054    0.059    0.063    0.066    0.072 0.999   200
r.proj[5]      0.080   0.005    0.072    0.077    0.080    0.083    0.089 0.996   200
r.proj[6]      0.086   0.004    0.078    0.083    0.086    0.089    0.094 1.052    34
r.proj[7]      0.064   0.005    0.055    0.061    0.064    0.067    0.074 1.006   200
r.proj[8]      0.107   0.008    0.092    0.102    0.108    0.113    0.121 1.030   170
r.proj[9]      0.054   0.007    0.041    0.049    0.054    0.059    0.070 1.002   200
r.tot[2]       0.023   0.054   -0.077   -0.014    0.020    0.062    0.124 1.046    36
r.tot[3]       0.030   0.049   -0.057   -0.007    0.030    0.059    0.134 1.017    76
r.tot[4]       0.079   0.049   -0.009    0.041    0.078    0.118    0.171 1.030   200
r.tot[5]       0.085   0.043    0.003    0.057    0.085    0.113    0.169 1.002   200
r.tot[6]       0.060   0.044   -0.029    0.033    0.057    0.093    0.135 0.998   200
r.tot[7]       0.087   0.042    0.008    0.060    0.084    0.115    0.168 1.003   200
r.tot[8]       0.099   0.041    0.022    0.067    0.101    0.128    0.176 0.999   200
r.tot[9]       0.071   0.040    0.002    0.045    0.070    0.097    0.160 1.006   150
r.tot[10]      0.099   0.041    0.021    0.069    0.102    0.122    0.182 1.008   200
r.tot[11]      0.057   0.043   -0.031    0.027    0.059    0.086    0.137 1.000   200
r.tot[12]      0.061   0.040   -0.013    0.029    0.061    0.088    0.139 1.018    71
r.tot[13]      0.070   0.044   -0.020    0.044    0.072    0.098    0.151 1.014   200
r.tot[14]      0.087   0.040    0.013    0.060    0.086    0.117    0.159 1.031   200
r.tot[15]      0.060   0.044   -0.023    0.032    0.061    0.090    0.146 0.999   200
r.tot[16]      0.076   0.050   -0.017    0.038    0.080    0.112    0.167 1.019   200
r.tot[17]      0.068   0.045   -0.016    0.040    0.064    0.102    0.155 1.025    61
r.tot[18]      0.052   0.052   -0.058    0.017    0.053    0.091    0.148 1.016    98
r.tot[19]      0.037   0.044   -0.051    0.006    0.036    0.072    0.120 0.998   200
r.tot[20]      0.034   0.042   -0.051    0.006    0.031    0.062    0.114 0.998   200
r.tot[21]      0.046   0.043   -0.042    0.021    0.048    0.071    0.122 1.043   150
r.tot[22]      0.056   0.043   -0.023    0.028    0.054    0.083    0.141 1.006   200
r.tot[23]      0.067   0.048   -0.025    0.032    0.068    0.101    0.154 1.009   200
r.tot[24]      0.084   0.045   -0.003    0.052    0.084    0.120    0.168 1.022    64
r.tot[25]      0.088   0.052   -0.015    0.061    0.089    0.125    0.180 1.000   200
r.tot[26]      0.074   0.052   -0.024    0.038    0.078    0.109    0.165 1.006   200
r.tot[27]      0.065   0.045   -0.034    0.037    0.066    0.096    0.153 0.997   200
r.tot[28]      0.076   0.047   -0.012    0.048    0.075    0.110    0.168 0.999   200
r.tot[29]      0.068   0.050   -0.026    0.032    0.070    0.103    0.155 1.003   200
r.tot[30]      0.105   0.053    0.016    0.072    0.101    0.137    0.217 1.018   200
r.tot[31]      0.102   0.053    0.005    0.068    0.102    0.133    0.208 1.001   200
r.tot[32]      0.035   0.012    0.010    0.032    0.035    0.039    0.063 1.001   200
r.tot[33]      0.025   0.013    0.004    0.012    0.031    0.035    0.043 1.001   200
r.tot[34]      0.016   0.012    0.003    0.006    0.010    0.030    0.038 1.003   200
r.tot[35]      0.010   0.009    0.003    0.004    0.007    0.011    0.033 1.004   200
r.tot[36]      0.006   0.005    0.003    0.004    0.005    0.006    0.027 1.021   120
r.tot[37]      0.005   0.003    0.003    0.004    0.005    0.005    0.010 1.006   160
r.tot[38]      0.005   0.001    0.002    0.004    0.005    0.005    0.007 1.013   200
r.tot[39]      0.004   0.001    0.002    0.003    0.004    0.005    0.007 1.039   200
r.tot[40]      0.004   0.002    0.002    0.003    0.004    0.005    0.006 1.008   200
r.tot[41]      0.003   0.002    0.000    0.002    0.003    0.005    0.006 0.997   200
r.tot[42]      0.003   0.002    0.000    0.002    0.003    0.003    0.006 1.007   140
r.tot[43]      0.002   0.002    0.000    0.000    0.002    0.003    0.005 1.006   150
r.tot[44]      0.002   0.001    0.000    0.000    0.002    0.003    0.005 1.024    58
r.tot[45]      0.001   0.001    0.000    0.000    0.000    0.003    0.004 1.047    46
r.tot[46]      0.001   0.001    0.000    0.000    0.000    0.002    0.003 1.047    46
r.tot[47]      0.001   0.001    0.000    0.000    0.000    0.000    0.003 1.000   200
sigma          0.123   0.011    0.105    0.115    0.125    0.131    0.141 1.218    11
deviance    -239.497  16.147 -270.014 -251.067 -239.199 -229.982 -209.566 1.002   200

For each parameter, n.eff is a crude measure of effective sample size,
and Rhat is the potential scale reduction factor (at convergence, Rhat=1).

DIC info (using the rule, pD = var(deviance)/2)
pD = 131.0 and DIC = -108.5
DIC is an estimate of expected predictive error (lower deviance is better).
