-----------------------------------------------------

><> Run  Afr_penguin completed in 0 min and 40 sec <><
-----------------------------------------------------

><>><>><>><>><>><>><>><>><>><>><>><>><>><>
><> Input Afr_penguin census <><
><>><>><>><>><>><>><>><>><>><>><>><>><>><>

$assessment
[1] Afr_penguin
8 Levels: Afr_penguin Bluemarlin_Atl_CPUE Bluemarlin_ICCAT Cape_gannet ... StripedMarlin_IO_CPUE

$abundance
[1] census
Levels: census relative

$generation.length
[1] 9.9

$K.penalty
[1] FALSE

$sigma.obs.est
[1] TRUE

$sigma.obs.add
[1] 0.1

$sigma.proc.fixed
[1] FALSE

$prjr.type
[1] all
Levels: all

$proj.stoch
[1] FALSE

$start.year
[1] 1979

$end.year
[1] 2011


><>><>><>><>><>><>><>><>><>><>><>><>><>><>
><> Parameter Estimates Afr_penguin census <><
><>><>><>><>><>><>><>><>><>><>><>><>><>><>

                  Median    LCI   UCI Geweke.p Heidelberger.p
r.Dassen.Island    0.022 -0.094 0.146    0.772          0.614
r.Robben.Island    0.233  0.108 0.356    0.139          0.413
r.Boulders         0.250  0.129 0.372    0.231          0.549
r.Stony.Point      0.285  0.164 0.407    0.598          0.513
r.Dyer.Island     -0.040 -0.158 0.083    0.884          0.503
r.St.Croix.Island  0.041 -0.077 0.162    0.810          0.858
r.Bird.Island      0.107 -0.014 0.230    0.392          0.487
r.Mercury          0.092 -0.031 0.216    0.669          0.958
r.Ichaboe          0.049 -0.072 0.173    0.082          0.077
r.Halifax          0.079 -0.039 0.204    0.763          0.097
r.Possession       0.079 -0.038 0.201    0.209          0.431
sigma.proc         0.342  0.313 0.373    0.656          0.714

><>><>><>><>><>><>><>><>><>><>><>><>><>><>
><> JAGS output Afr_penguin census <><
><>><>><>><>><>><>><>><>><>><>><>><>><>><>

Inference for Bugs model at "C:/Work/Research/Github/JARA//Afr_penguin/output2011/jara.jags", fit using jags,
 2 chains, each with 6000 iterations (first 1000 discarded)
 n.sims = 10000 iterations saved
               mu.vect   sd.vect      2.5%       25%       50%       75%     97.5%  Rhat n.eff
N.est[1,1]   12630.859  1421.108 10061.623 11645.578 12551.479 13524.495 15641.862 1.001 10000
N.est[2,1]   11745.373  4064.818  5770.511  8853.397 11092.485 13904.226 21435.076 1.002  3700
N.est[3,1]   10809.450  4761.017  4299.290  7436.086  9939.637 13195.148 22524.496 1.002 10000
N.est[4,1]    9800.515  4847.170  3459.036  6426.122  8840.201 11987.918 21946.551 1.002 10000
N.est[5,1]    8692.476  4415.344  2980.738  5636.158  7790.623 10757.556 19467.813 1.001 10000
N.est[6,1]    7670.763  3743.868  2703.437  5004.492  6963.370  9457.717 16749.347 1.002  4600
N.est[7,1]    6658.339  2968.353  2591.558  4580.572  6081.491  8100.595 14012.385 1.001  5300
N.est[8,1]    5705.705  1935.677  2823.559  4318.779  5394.329  6781.121 10458.565 1.002  9100
N.est[9,1]    4830.687   534.383  3879.225  4451.940  4800.975  5172.137  5955.562 1.001  3700
N.est[10,1]   6469.790  1682.025  3798.567  5274.303  6252.660  7449.271 10352.119 1.004 10000
N.est[11,1]   8247.293   916.222  6567.955  7603.709  8199.774  8826.233 10210.481 1.001 10000
N.est[12,1]   8798.585  2278.453  5142.567  7207.726  8534.707 10093.340 14098.321 1.002  7900
N.est[13,1]   8882.308   940.730  7182.944  8223.337  8824.937  9485.985 10844.810 1.001 10000
N.est[14,1]   7705.074   804.468  6239.715  7138.204  7663.345  8226.175  9395.215 1.001 10000
N.est[15,1]   7435.044   780.359  6017.681  6894.730  7381.803  7934.210  9077.863 1.001 10000
N.est[16,1]   9273.424   980.734  7498.163  8602.695  9225.053  9880.162 11357.804 1.001 10000
N.est[17,1]   9745.265  1032.784  7852.365  9042.486  9689.698 10405.673 11900.784 1.001  2800
N.est[18,1]   9511.422   985.575  7730.146  8822.560  9467.350 10141.959 11541.493 1.001 10000
N.est[19,1]   8976.461   952.991  7293.473  8328.516  8918.587  9573.403 10994.350 1.001  3700
N.est[20,1]  11096.049  1160.571  8995.936 10287.908 11034.135 11840.370 13550.254 1.001  7000
N.est[21,1]  14974.488  1553.929 12189.078 13894.874 14905.223 15962.599 18237.419 1.001  3100
N.est[22,1]  17244.805  1821.622 13966.906 15990.104 17129.989 18385.357 21139.634 1.001  4300
N.est[23,1]  21180.709  2207.922 17219.576 19654.004 21079.593 22586.022 25822.510 1.001 10000
N.est[24,1]  22467.138  2361.236 18166.287 20820.596 22346.579 23973.975 27445.967 1.001 10000
N.est[25,1]  20854.498  2194.496 16803.870 19336.236 20750.157 22257.739 25472.231 1.001 10000
N.est[26,1]  24320.255  2508.128 19733.298 22552.231 24231.386 25924.595 29468.979 1.001  2600
N.est[27,1]  21934.046  2286.621 17821.799 20334.859 21800.017 23388.005 26765.573 1.002  1300
N.est[28,1]  13772.336  1439.851 11217.722 12752.230 13697.879 14678.217 16837.741 1.001 10000
N.est[29,1]  11292.137  1177.902  9133.055 10473.838 11246.065 12053.091 13694.635 1.003   580
N.est[30,1]   6062.316   638.022  4916.472  5619.633  6026.872  6462.051  7417.339 1.004   530
N.est[31,1]   5225.604   555.192  4234.365  4837.718  5193.312  5577.588  6385.369 1.001 10000
N.est[32,1]   4884.294   511.077  3959.391  4537.562  4855.366  5209.486  5945.216 1.001  4900
N.est[33,1]   3998.286   439.400  3207.073  3691.230  3973.746  4279.048  4922.183 1.001 10000
N.est[34,1]   3858.648   437.808  3073.180  3551.581  3833.253  4136.640  4777.466 1.001 10000
N.est[1,2]       7.891     3.417     3.202     5.490     7.227     9.569    16.351 1.001  4800
N.est[2,2]       8.579     3.935     3.324     5.776     7.779    10.509    18.368 1.001 10000
N.est[3,2]       9.200     3.959     3.791     6.428     8.460    11.083    18.854 1.002 10000
N.est[4,2]       9.691     3.335     4.806     7.345     9.138    11.421    17.668 1.002  6700
N.est[5,2]       9.986     1.121     8.025     9.210     9.918    10.674    12.400 1.008   200
N.est[6,2]      25.340     2.660    20.599    23.452    25.192    27.051    31.009 1.002   990
N.est[7,2]      97.722    10.305    79.289    90.607    97.303   104.306   119.398 1.003   810
N.est[8,2]     225.863    23.461   182.516   209.654   224.968   240.663   274.848 1.001  3700
N.est[9,2]     468.831    48.815   380.630   435.468   465.936   499.925   571.043 1.001  7100
N.est[10,2]    808.202    84.360   655.161   750.696   804.057   862.262   987.727 1.002  1500
N.est[11,2]    865.040    90.386   700.324   803.378   860.393   920.872  1060.634 1.001  3400
N.est[12,2]   1281.328   135.251  1034.327  1188.490  1274.220  1369.779  1563.206 1.001 10000
N.est[13,2]   1835.327   190.772  1484.707  1706.002  1828.319  1957.002  2229.463 1.001  3300
N.est[14,2]   2033.422   214.040  1638.005  1886.325  2022.699  2167.573  2490.854 1.001 10000
N.est[15,2]   2215.993   233.667  1792.624  2055.980  2200.829  2362.076  2720.427 1.001 10000
N.est[16,2]   2708.587   283.448  2194.486  2509.354  2694.382  2890.742  3304.550 1.001  5400
N.est[17,2]   2388.408   253.502  1933.210  2214.090  2371.057  2543.826  2942.987 1.001  2800
N.est[18,2]   3064.234   319.183  2482.260  2848.988  3045.992  3262.581  3739.484 1.001  5400
N.est[19,2]   3347.179   351.925  2705.976  3104.834  3331.773  3568.796  4088.745 1.001 10000
N.est[20,2]   3545.452   370.859  2879.400  3284.497  3522.021  3780.922  4328.779 1.001 10000
N.est[21,2]   4408.892   457.456  3573.072  4090.305  4391.869  4701.630  5367.162 1.001 10000
N.est[22,2]   5421.137   567.863  4387.591  5029.697  5395.563  5784.701  6611.650 1.002  2000
N.est[23,2]   6402.188   677.185  5173.885  5933.945  6364.887  6836.002  7798.786 1.001  7500
N.est[24,2]   6985.072   731.980  5654.072  6475.584  6948.349  7444.804  8543.111 1.001 10000
N.est[25,2]   6214.620   651.275  5031.081  5772.312  6180.692  6624.363  7596.511 1.001  3300
N.est[26,2]   7592.853   796.295  6145.231  7047.393  7551.611  8087.890  9284.772 1.002   970
N.est[27,2]   7110.115   740.773  5756.176  6593.791  7078.201  7589.821  8662.398 1.001  8400
N.est[28,2]   5987.839   626.560  4862.756  5544.481  5953.504  6384.684  7278.893 1.001 10000
N.est[29,2]   5769.738   606.756  4675.607  5354.591  5739.494  6157.236  7044.446 1.001  7500
N.est[30,2]   4161.217   439.668  3363.280  3854.963  4143.693  4438.258  5094.855 1.001  2600
N.est[31,2]   2564.120   268.893  2077.340  2374.675  2550.421  2737.439  3131.992 1.004   560
N.est[32,2]   2560.831   266.803  2072.519  2378.076  2543.500  2734.179  3125.083 1.001 10000
N.est[33,2]   1926.135   213.399  1546.649  1774.234  1913.610  2060.723  2379.596 1.002  1200
N.est[34,2]   2293.964   264.086  1823.284  2108.065  2278.335  2459.414  2858.985 1.002  1100
N.est[1,3]       1.665     0.771     0.647     1.120     1.511     2.038     3.587 1.002  2200
N.est[2,3]       1.795     0.922     0.626     1.152     1.584     2.206     4.114 1.001  2600
N.est[3,3]       1.899     0.985     0.643     1.214     1.679     2.338     4.401 1.001 10000
N.est[4,3]       2.003     1.016     0.691     1.293     1.791     2.468     4.541 1.002 10000
N.est[5,3]       2.075     0.940     0.818     1.418     1.891     2.509     4.461 1.002 10000
N.est[6,3]       2.122     0.733     1.042     1.607     2.006     2.513     3.866 1.002 10000
N.est[7,3]       2.150     0.244     1.718     1.982     2.134     2.297     2.675 1.003   610
N.est[8,3]       4.168     1.083     2.441     3.412     4.042     4.785     6.634 1.004   570
N.est[9,3]       7.664     0.833     6.170     7.089     7.615     8.186     9.415 1.004   470
N.est[10,3]     30.190     3.219    24.181    27.978    30.091    32.299    36.708 1.010   160
N.est[11,3]     38.776     4.036    31.435    35.983    38.590    41.286    47.288 1.001 10000
N.est[12,3]     56.872     5.948    45.987    52.806    56.485    60.625    69.493 1.002  1800
N.est[13,3]    124.336    13.159    99.889   115.435   123.723   132.737   151.629 1.001  4500
N.est[14,3]    161.318    17.005   130.670   149.480   160.198   172.086   197.201 1.001  4400
N.est[15,3]    241.345    25.282   195.657   223.583   240.208   257.584   293.903 1.001  3200
N.est[16,3]    349.056    37.086   282.368   322.916   346.760   372.399   427.446 1.002   970
N.est[17,3]    371.800    39.607   301.103   343.916   369.301   397.560   456.052 1.001  8300
N.est[18,3]    433.240    45.320   350.495   401.843   431.214   462.496   528.132 1.001  3100
N.est[19,3]    682.247    71.790   548.947   632.794   678.966   727.520   834.680 1.004   490
N.est[20,3]    591.756    62.357   482.427   548.845   587.286   631.010   721.883 1.003   600
N.est[21,3]    879.494    91.107   715.786   816.267   874.136   937.035  1070.993 1.003   870
N.est[22,3]    954.020    99.516   774.436   884.648   948.679  1015.989  1167.455 1.002  2300
N.est[23,3]   1049.469   110.116   846.175   973.092  1045.469  1119.114  1279.605 1.001 10000
N.est[24,3]   1081.761   111.863   879.842  1004.122  1075.697  1152.285  1313.873 1.001 10000
N.est[25,3]   1055.863   111.144   853.205   979.893  1050.399  1124.862  1293.168 1.002  7900
N.est[26,3]   1189.702   123.500   963.711  1104.243  1182.037  1268.516  1447.477 1.001 10000
N.est[27,3]   1213.715   129.706   983.078  1122.648  1206.771  1296.215  1492.490 1.002  2300
N.est[28,3]   1069.771   111.544   867.640   992.118  1063.637  1141.138  1304.219 1.001  3000
N.est[29,3]    852.482    89.291   691.648   790.180   847.664   910.068  1040.250 1.003   810
N.est[30,3]    894.283    94.495   722.266   828.969   890.243   952.742  1092.462 1.002  2200
N.est[31,3]    738.071    77.340   599.338   684.617   733.303   787.062   904.069 1.002  1100
N.est[32,3]    890.692    92.610   720.263   826.857   885.726   948.975  1084.844 1.003   640
N.est[33,3]    700.841    76.352   564.413   646.971   696.741   748.233   862.101 1.004   550
N.est[34,3]    849.367    96.395   678.715   780.727   843.722   909.694  1057.003 1.004   500
N.est[1,4]       0.811     0.331     0.348     0.575     0.749     0.984     1.637 1.001  4300
N.est[2,4]       0.888     0.360     0.385     0.633     0.823     1.070     1.769 1.001 10000
N.est[3,4]       0.959     0.316     0.479     0.732     0.911     1.134     1.707 1.001 10000
N.est[4,4]       1.011     0.110     0.813     0.935     1.004     1.080     1.249 1.001 10000
N.est[5,4]       1.159     0.127     0.935     1.073     1.150     1.237     1.438 1.011   150
N.est[6,4]       4.727     0.496     3.823     4.389     4.698     5.043     5.767 1.002  1500
N.est[7,4]      11.041     1.150     8.976    10.255    10.973    11.767    13.487 1.002  2100
N.est[8,4]      25.645     2.762    20.702    23.687    25.494    27.413    31.452 1.007   260
N.est[9,4]      36.953    10.810    20.122    29.202    35.511    43.092    62.023 1.004 10000
N.est[10,4]     51.346    15.175    27.707    40.410    49.454    60.060    86.789 1.002  5800
N.est[11,4]     68.592     7.366    55.367    63.443    68.127    73.244    84.597 1.002  1700
N.est[12,4]     85.957     9.152    69.266    79.536    85.582    91.757   105.229 1.002  1500
N.est[13,4]     76.066     7.990    61.603    70.501    75.598    81.221    92.845 1.002  2300
N.est[14,4]     57.158     5.979    46.257    53.063    56.863    61.000    69.719 1.001 10000
N.est[15,4]     41.923     4.415    33.991    38.870    41.708    44.669    51.424 1.002  1100
N.est[16,4]     44.538     4.807    35.805    41.250    44.291    47.653    54.771 1.001  4600
N.est[17,4]     52.361    16.477    27.531    40.556    49.881    61.240    91.909 1.001 10000
N.est[18,4]     60.102    21.991    28.232    44.568    56.323    71.572   115.161 1.003 10000
N.est[19,4]     67.167    21.399    34.833    51.616    63.955    78.935   117.766 1.001 10000
N.est[20,4]     72.921     8.055    58.361    67.408    72.437    78.029    90.236 1.001 10000
N.est[21,4]     89.086    23.095    52.469    72.799    86.210   101.759   141.380 1.001 10000
N.est[22,4]    103.420    10.988    83.593    95.774   102.823   110.322   126.856 1.001  4500
N.est[23,4]    111.317    12.002    89.899   102.936   110.610   118.860   137.045 1.001  4800
N.est[24,4]    119.959    31.461    70.222    97.142   116.292   138.779   190.138 1.001 10000
N.est[25,4]    121.269    13.034    97.662   112.394   120.459   129.541   148.904 1.002  1400
N.est[26,4]    106.623    11.498    86.192    98.766   105.873   113.689   131.316 1.003   620
N.est[27,4]    183.028    19.227   148.328   169.810   182.025   194.967   223.151 1.002  1800
N.est[28,4]    257.055    26.992   208.243   238.256   255.700   274.270   314.486 1.002  1200
N.est[29,4]    265.758    28.190   214.695   246.096   264.290   283.651   325.981 1.001  2500
N.est[30,4]    319.813    33.828   260.647   296.180   317.493   341.322   392.650 1.001  6900
N.est[31,4]    471.354    49.206   381.756   437.297   469.015   502.599   575.375 1.002  1800
N.est[32,4]    506.678    54.372   409.767   468.521   502.664   541.557   623.842 1.004   570
N.est[33,4]   1086.770   118.943   868.890  1004.864  1081.560  1163.725  1335.363 1.004   510
N.est[34,4]   1364.670   155.165  1080.322  1258.249  1356.954  1464.935  1692.902 1.004   560
N.est[1,5]   22979.132  2566.370 18436.619 21175.856 22828.511 24607.416 28436.468 1.001 10000
N.est[2,5]   23365.779  7950.857 11558.494 17719.143 22190.908 27489.217 42438.211 1.001 10000
N.est[3,5]   23432.693 10205.462  9552.353 16273.091 21468.440 28431.517 48538.105 1.003  4500
N.est[4,5]   22926.001 11157.878  8512.845 15124.573 20570.005 28113.257 51125.082 1.002 10000
N.est[5,5]   22126.273 10857.176  8092.390 14568.112 19834.007 26953.993 49612.552 1.003 10000
N.est[6,5]   21168.694  9424.492  8381.525 14594.113 19244.136 25615.697 44807.368 1.003 10000
N.est[7,5]   19801.892  6863.351  9904.323 14970.559 18624.368 23517.240 35957.690 1.002 10000
N.est[8,5]   18262.106  2059.585 14583.030 16810.576 18119.934 19570.355 22707.576 1.001 10000
N.est[9,5]   15562.334  4979.683  8033.942 11997.267 14804.365 18309.464 27403.875 1.002 10000
N.est[10,5]  13035.638  4825.528  6017.954  9615.581 12217.248 15471.928 24698.813 1.002 10000
N.est[11,5]  10555.141  3356.151  5524.713  8182.860 10070.218 12385.238 18438.688 1.001 10000
N.est[12,5]   8341.220   905.594  6711.159  7717.675  8279.806  8918.936 10255.460 1.001  8000
N.est[13,5]   6378.533   668.687  5170.447  5914.897  6348.288  6795.738  7775.808 1.002  1200
N.est[14,5]   6828.539   717.648  5524.923  6324.187  6792.452  7292.546  8321.881 1.010   170
N.est[15,5]   2790.024   304.062  2264.244  2579.751  2767.238  2974.011  3452.411 1.011   150
N.est[16,5]   4407.235   465.005  3553.738  4088.943  4384.866  4701.966  5392.598 1.002  1700
N.est[17,5]   4189.478   438.384  3396.810  3885.645  4165.300  4463.172  5127.054 1.001 10000
N.est[18,5]   3316.848   351.458  2686.987  3068.925  3294.557  3544.976  4047.543 1.001 10000
N.est[19,5]   2731.652   287.631  2210.160  2532.231  2715.764  2916.902  3331.348 1.001 10000
N.est[20,5]   2061.354   218.082  1669.059  1909.872  2046.953  2200.798  2523.067 1.001  3700
N.est[21,5]   2330.096   243.569  1887.921  2162.263  2320.097  2485.574  2834.923 1.001 10000
N.est[22,5]   2230.768   232.508  1806.954  2071.907  2217.165  2373.929  2720.356 1.001 10000
N.est[23,5]   2118.403   221.795  1714.007  1963.489  2105.979  2261.248  2583.698 1.001 10000
N.est[24,5]   2137.392   223.923  1727.592  1981.354  2125.728  2280.812  2613.632 1.001 10000
N.est[25,5]   1978.302   209.026  1598.799  1834.584  1969.828  2108.384  2416.189 1.001 10000
N.est[26,5]   2189.557   229.799  1769.118  2032.312  2178.645  2334.394  2674.335 1.002  1100
N.est[27,5]   2067.723   218.629  1669.678  1916.751  2054.898  2207.340  2525.131 1.001 10000
N.est[28,5]   2015.593   212.691  1626.007  1869.512  2005.594  2150.911  2462.534 1.001  3700
N.est[29,5]   1565.603   161.754  1272.360  1452.823  1557.982  1668.085  1906.603 1.001  5500
N.est[30,5]   1576.755   164.442  1276.742  1462.701  1569.454  1682.486  1921.869 1.002  1600
N.est[31,5]   1301.961   138.553  1051.574  1207.898  1294.187  1390.064  1598.181 1.001 10000
N.est[32,5]   1396.527   147.687  1128.047  1294.347  1390.596  1491.094  1707.632 1.002  2000
N.est[33,5]   1007.398   110.963   805.841   931.602  1001.993  1075.911  1242.271 1.001 10000
N.est[34,5]    913.971   103.938   726.331   842.877   909.067   978.744  1135.230 1.001 10000
N.est[1,6]   14029.355  1506.601 11340.830 12980.107 13927.060 14981.689 17244.525 1.001 10000
N.est[2,6]   14938.305  1622.927 11988.622 13816.601 14843.466 15947.584 18407.426 1.002  2400
N.est[3,6]   16440.649  5341.088  8290.945 12666.428 15625.484 19357.419 29151.393 1.002 10000
N.est[4,6]   17629.590  6938.981  7854.415 12687.691 16361.889 21194.452 34471.943 1.001 10000
N.est[5,6]   18584.323  7352.044  8164.364 13376.391 17350.005 22262.075 36273.369 1.001 10000
N.est[6,6]   19260.760  6310.477  9747.920 14730.662 18360.119 22677.372 33966.011 1.003 10000
N.est[7,6]   19456.151  2192.873 15461.450 17944.201 19341.548 20817.277 24139.546 1.001 10000
N.est[8,6]   20533.534  7005.329 10121.976 15604.692 19417.561 24313.784 37349.193 1.001 10000
N.est[9,6]   21144.923  9556.189  8345.871 14332.909 19237.675 25809.914 44598.549 1.002  8700
N.est[10,6]  21605.333 10978.855  7550.596 13933.508 19288.343 26631.948 49102.939 1.003  2200
N.est[11,6]  21757.328 11416.331  7478.850 13851.970 19203.532 26758.145 50676.054 1.003  5500
N.est[12,6]  21518.392 10860.761  7527.234 13952.527 19142.526 26331.702 48780.892 1.003  6200
N.est[13,6]  21126.573  9339.946  8381.829 14522.650 19305.736 25782.670 43939.223 1.002 10000
N.est[14,6]  20430.658  6950.626  9992.459 15545.279 19373.278 24162.981 36904.437 1.003 10000
N.est[15,6]  19459.790  2214.055 15459.432 17936.324 19331.531 20826.334 24078.244 1.001 10000
N.est[16,6]  19371.302  6515.315  9585.297 14737.913 18401.355 22909.517 35057.823 1.001 10000
N.est[17,6]  18815.396  7924.285  7802.420 13319.782 17415.468 22667.633 37825.285 1.001 10000
N.est[18,6]  18053.899  8068.468  7039.810 12450.632 16549.915 21925.761 37662.873 1.003 10000
N.est[19,6]  17030.875  7150.357  7274.327 11994.505 15658.987 20440.586 35098.467 1.003 10000
N.est[20,6]  15801.945  5236.728  7917.360 12097.000 15019.288 18596.771 28212.309 1.001 10000
N.est[21,6]  14289.974  1561.968 11476.669 13205.732 14206.156 15273.823 17538.186 1.002  2500
N.est[22,6]  15277.786  1594.603 12368.624 14163.438 15196.614 16301.870 18600.892 1.001 10000
N.est[23,6]  16373.197  1750.833 13137.171 15173.819 16287.358 17473.515 20023.594 1.002  2200
N.est[24,6]  12769.613  3260.091  7525.150 10422.851 12376.870 14705.005 20006.687 1.002 10000
N.est[25,6]   9434.524  1026.472  7611.861  8723.633  9373.724 10087.736 11644.978 1.001 10000
N.est[26,6]   9415.108   987.200  7613.513  8733.607  9365.543 10053.318 11459.779 1.002   990
N.est[27,6]   4745.856   506.245  3836.484  4393.703  4713.476  5063.933  5826.464 1.009   180
N.est[28,6]   7375.312   774.670  5955.952  6843.536  7330.247  7871.683  8999.025 1.004   550
N.est[29,6]   4831.770   513.846  3918.171  4465.481  4799.433  5157.596  5922.858 1.005   380
N.est[30,6]   7375.874   775.835  5961.349  6840.394  7336.710  7868.135  8987.253 1.002  1800
N.est[31,6]   6997.115   758.491  5608.559  6481.236  6963.038  7470.286  8597.933 1.001  3800
N.est[32,6]   7889.899  2056.526  4653.193  6425.794  7637.982  9065.412 12612.694 1.002 10000
N.est[33,6]   8447.956   952.525  6753.701  7780.515  8391.697  9047.984 10434.436 1.001 10000
N.est[34,6]   8318.098   967.251  6603.904  7638.333  8259.578  8924.291 10340.740 1.001 10000
N.est[1,7]     587.240   217.781   270.615   430.715   551.370   701.243  1110.255 1.001  6300
N.est[2,7]     594.962   192.799   309.475   456.759   566.164   699.827  1046.381 1.002 10000
N.est[3,7]     587.263    66.105   470.030   540.968   583.163   629.041   724.727 1.001  9400
N.est[4,7]     754.670   262.135   373.141   565.656   715.310   896.637  1382.301 1.001 10000
N.est[5,7]     959.353   430.458   375.789   654.237   877.439  1172.464  2027.240 1.002 10000
N.est[6,7]    1209.165   636.567   415.182   773.622  1074.275  1485.715  2805.987 1.002  9400
N.est[7,7]    1501.939   820.525   474.541   936.864  1327.112  1851.765  3536.840 1.002 10000
N.est[8,7]    1831.013  1020.773   584.980  1131.204  1610.017  2259.617  4407.160 1.002  7100
N.est[9,7]    2202.984  1154.431   757.490  1405.692  1949.365  2704.544  5163.803 1.001 10000
N.est[10,7]   2626.664  1213.921  1016.361  1784.784  2382.122  3193.073  5633.331 1.004 10000
N.est[11,7]   3103.820  1083.795  1531.858  2338.118  2924.537  3674.228  5682.425 1.002 10000
N.est[12,7]   3600.280   393.045  2883.035  3328.882  3586.847  3849.137  4425.476 1.001  3800
N.est[13,7]   3281.458   339.867  2655.291  3050.834  3262.073  3497.364  4000.689 1.001 10000
N.est[14,7]   3606.438   378.009  2918.528  3346.154  3585.432  3845.123  4401.985 1.002  1100
N.est[15,7]   2455.841   262.180  1981.945  2270.637  2443.166  2620.479  3007.331 1.002  1200
N.est[16,7]   2981.833   767.767  1772.856  2434.736  2874.224  3423.719  4767.704 1.002 10000
N.est[17,7]   3468.205   377.615  2779.004  3208.738  3450.671  3709.678  4263.967 1.005   330
N.est[18,7]   2542.352   655.433  1498.986  2075.120  2460.944  2908.189  4097.685 1.002 10000
N.est[19,7]   1768.165   196.536  1416.732  1633.830  1755.303  1887.166  2189.640 1.003   930
N.est[20,7]   2652.403   679.918  1561.875  2169.013  2571.969  3038.412  4212.799 1.001  8300
N.est[21,7]   3781.818   405.798  3049.037  3498.999  3762.575  4038.889  4644.670 1.002  1200
N.est[22,7]   4143.098   432.936  3357.570  3839.012  4123.737  4428.020  5052.490 1.001  8900
N.est[23,7]   4894.325   529.224  3916.479  4526.588  4865.373  5235.421  5999.880 1.007   260
N.est[24,7]   2418.616   623.625  1421.381  1971.869  2343.842  2780.547  3822.707 1.003  5600
N.est[25,7]   1131.194   127.693   907.031  1043.339  1121.361  1207.345  1411.332 1.016   100
N.est[26,7]   2731.955   286.867  2205.016  2533.744  2716.351  2916.222  3321.780 1.005   350
N.est[27,7]   3119.175   327.666  2529.269  2890.855  3102.333  3323.628  3812.716 1.003   910
N.est[28,7]   2713.904   282.383  2202.085  2516.218  2697.857  2897.324  3299.901 1.002  1100
N.est[29,7]   1585.096   170.019  1287.575  1467.131  1572.446  1689.527  1953.342 1.006   290
N.est[30,7]   2628.904   272.881  2132.049  2441.007  2614.198  2801.544  3201.730 1.002  1300
N.est[31,7]   2634.800   283.953  2126.303  2437.129  2615.064  2812.667  3244.485 1.001 10000
N.est[32,7]   2707.258   704.125  1586.554  2200.471  2619.781  3121.316  4322.071 1.001 10000
N.est[33,7]   2633.563   299.842  2093.691  2428.594  2617.094  2822.173  3276.427 1.001 10000
N.est[34,7]   2766.460   327.358  2180.634  2541.752  2747.223  2972.740  3463.454 1.001 10000
N.est[1,8]    1188.727   564.753   445.919   791.128  1076.709  1452.840  2582.580 1.001 10000
N.est[2,8]    1234.221   656.038   409.342   784.191  1085.437  1523.214  2909.888 1.001 10000
N.est[3,8]    1274.518   705.689   397.576   777.906  1119.002  1592.254  3080.647 1.001 10000
N.est[4,8]    1289.218   709.897   398.583   796.254  1136.899  1609.370  3066.657 1.001 10000
N.est[5,8]    1288.471   660.500   439.880   814.473  1147.026  1605.470  2905.275 1.001 10000
N.est[6,8]    1282.553   581.297   500.470   870.489  1163.549  1568.044  2714.046 1.001  4200
N.est[7,8]    1252.965   432.914   613.475   942.271  1185.271  1491.174  2282.693 1.002  2200
N.est[8,8]    1204.561   131.571   973.284  1111.375  1197.789  1285.869  1492.576 1.005   470
N.est[9,8]    2110.711   224.685  1701.450  1952.810  2101.041  2252.524  2585.295 1.001 10000
N.est[10,8]   2727.186   705.214  1607.421  2228.579  2632.913  3126.887  4339.138 1.002  5800
N.est[11,8]   3345.875   354.459  2707.316  3099.949  3325.636  3574.074  4085.874 1.001  9100
N.est[12,8]   3552.341   380.597  2862.893  3290.251  3531.443  3792.674  4356.549 1.001 10000
N.est[13,8]   3656.986   939.910  2151.552  2986.414  3542.036  4184.337  5842.310 1.001 10000
N.est[14,8]   3585.003   382.796  2875.669  3323.629  3569.223  3826.969  4391.532 1.001  7900
N.est[15,8]   3507.301   365.880  2830.555  3255.970  3494.354  3744.307  4277.538 1.001 10000
N.est[16,8]   2246.878   237.338  1822.090  2081.341  2232.451  2397.308  2745.634 1.002  2100
N.est[17,8]   2284.243   244.411  1849.488  2114.139  2269.040  2436.877  2797.935 1.002  2000
N.est[18,8]   2417.656   254.772  1959.700  2242.673  2404.245  2578.635  2958.249 1.001 10000
N.est[19,8]   2672.748   276.684  2173.825  2480.127  2658.895  2847.628  3261.798 1.001 10000
N.est[20,8]   2893.150   307.118  2340.572  2679.834  2872.577  3086.766  3542.432 1.001  2500
N.est[21,8]   3020.930   319.138  2445.104  2797.941  3006.940  3224.674  3694.818 1.001 10000
N.est[22,8]   2840.630   301.528  2294.279  2631.225  2824.853  3027.179  3484.333 1.001 10000
N.est[23,8]   2705.091   282.426  2204.410  2510.352  2686.098  2884.533  3306.431 1.001  5300
N.est[24,8]   3326.632   351.623  2679.657  3082.955  3308.800  3554.540  4072.125 1.003   660
N.est[25,8]   2774.136   289.492  2233.292  2574.529  2759.304  2960.261  3377.317 1.001 10000
N.est[26,8]   2137.475   225.885  1732.411  1981.075  2123.932  2280.504  2615.555 1.002  1700
N.est[27,8]   2381.042   247.918  1935.394  2209.967  2369.703  2540.196  2895.914 1.001 10000
N.est[28,8]   1897.015   198.690  1537.617  1756.844  1888.952  2023.924  2321.785 1.001 10000
N.est[29,8]   2100.011   220.074  1702.463  1946.268  2089.532  2239.521  2561.235 1.001 10000
N.est[30,8]   3027.860   320.134  2449.719  2803.495  3011.202  3229.912  3712.227 1.003   820
N.est[31,8]   2666.838   281.522  2160.537  2472.510  2648.597  2847.883  3269.801 1.002  1000
N.est[32,8]   3139.966   327.545  2540.880  2912.674  3121.148  3350.969  3830.788 1.001  4500
N.est[33,8]   3130.329   348.622  2504.348  2893.538  3109.509  3344.982  3872.615 1.001 10000
N.est[34,8]   3237.834   375.852  2562.728  2980.367  3214.202  3469.245  4043.600 1.001 10000
N.est[1,9]     840.696   395.256   319.772   566.599   759.459  1023.425  1823.671 1.002  1500
N.est[2,9]     861.530   451.932   294.309   544.853   762.807  1069.959  1996.142 1.001 10000
N.est[3,9]     870.052   475.648   276.598   538.722   763.680  1082.273  2056.334 1.001 10000
N.est[4,9]     874.880   472.720   284.874   545.722   770.341  1089.547  2071.453 1.001 10000
N.est[5,9]     873.534   448.926   304.315   558.954   779.225  1078.392  1982.829 1.001 10000
N.est[6,9]     851.514   373.600   335.808   584.026   782.336  1038.328  1777.460 1.003 10000
N.est[7,9]     820.702   280.562   401.525   618.968   778.241   976.942  1487.039 1.002 10000
N.est[8,9]     788.971    85.758   637.636   730.272   783.243   841.873   971.221 1.002  1600
N.est[9,9]    1340.083   143.741  1075.617  1240.423  1333.433  1431.376  1638.486 1.001 10000
N.est[10,9]   1813.064   456.959  1076.421  1485.238  1761.353  2085.707  2856.986 1.003 10000
N.est[11,9]   2325.896   248.057  1873.692  2152.824  2308.368  2486.596  2849.989 1.003   580
N.est[12,9]   2000.197   215.274  1609.014  1853.617  1986.500  2136.652  2463.467 1.001 10000
N.est[13,9]   2261.505   581.149  1344.532  1847.464  2192.215  2593.697  3594.315 1.001 10000
N.est[14,9]   2427.635   258.569  1953.778  2248.786  2417.592  2592.518  2975.422 1.001 10000
N.est[15,9]   2650.640   280.410  2146.739  2458.727  2633.918  2824.853  3237.799 1.001  5300
N.est[16,9]   2781.528   290.905  2253.130  2580.064  2764.801  2965.987  3402.855 1.002  1400
N.est[17,9]   3225.170   336.655  2605.932  2992.410  3209.579  3436.508  3931.767 1.002  1900
N.est[18,9]   2621.178   274.562  2128.309  2432.379  2605.291  2793.551  3208.127 1.001  7600
N.est[19,9]   1937.616   201.106  1575.379  1796.593  1928.690  2065.454  2359.190 1.001 10000
N.est[20,9]   1613.817   170.352  1305.863  1496.163  1603.620  1720.240  1979.058 1.001 10000
N.est[21,9]   1697.571   177.152  1378.133  1575.265  1686.666  1812.266  2074.295 1.001 10000
N.est[22,9]   1443.635   151.884  1170.608  1338.183  1435.277  1539.253  1771.526 1.004   530
N.est[23,9]   2169.923   230.145  1748.140  2010.048  2159.428  2319.886  2641.904 1.001 10000
N.est[24,9]   2170.302   226.272  1750.770  2013.041  2159.306  2318.948  2637.065 1.001  5500
N.est[25,9]   2011.983   212.818  1625.782  1865.183  2000.406  2145.028  2456.125 1.004   510
N.est[26,9]    953.328   102.669   772.035   880.796   945.722  1018.059  1171.665 1.003   640
N.est[27,9]   1029.737   107.884   833.694   954.432  1024.112  1098.890  1257.644 1.002  1700
N.est[28,9]    712.942    76.384   575.424   660.233   708.990   762.022   874.326 1.001  5300
N.est[29,9]    456.421    48.646   370.085   422.284   453.346   487.180   559.514 1.003   920
N.est[30,9]    592.394    62.273   479.064   549.769   589.178   631.479   722.728 1.001  2700
N.est[31,9]    620.357    64.705   501.903   575.959   617.325   661.306   758.328 1.001  6500
N.est[32,9]    652.219    67.823   528.970   604.770   648.595   695.592   795.470 1.002  1200
N.est[33,9]    587.797    64.863   472.048   542.897   584.802   628.108   726.040 1.001 10000
N.est[34,9]    583.237    67.075   464.369   536.612   579.750   625.175   725.313 1.001 10000
N.est[1,10]    422.731   202.224   159.728   281.453   382.661   516.150   916.191 1.001 10000
N.est[2,10]    438.326   236.437   146.086   276.163   386.144   542.580  1029.035 1.001 10000
N.est[3,10]    448.646   253.697   140.778   274.543   389.365   554.705  1108.332 1.001 10000
N.est[4,10]    451.600   252.637   141.081   276.368   394.638   561.572  1103.918 1.001 10000
N.est[5,10]    450.737   238.569   152.408   285.333   397.404   555.291  1059.061 1.001 10000
N.est[6,10]    444.238   207.300   172.005   299.961   402.764   539.079   956.756 1.001 10000
N.est[7,10]    429.888   149.614   211.511   325.295   404.583   509.741   784.065 1.003 10000
N.est[8,10]    412.393    44.697   331.522   381.028   409.873   441.533   505.618 1.002  1900
N.est[9,10]    656.780    70.618   528.533   608.008   653.009   701.717   807.299 1.001  5300
N.est[10,10]   784.395   231.849   424.273   618.715   752.393   917.124  1318.002 1.003 10000
N.est[11,10]   907.804   270.446   495.496   714.447   867.669  1059.252  1552.172 1.001 10000
N.est[12,10]  1018.365   112.736   814.370   939.153  1011.968  1090.568  1257.948 1.002   950
N.est[13,10]   870.883   227.758   510.809   708.342   840.678  1002.263  1387.754 1.001 10000
N.est[14,10]   707.092    75.938   569.773   654.062   703.643   754.981   865.486 1.001 10000
N.est[15,10]   707.475    74.285   572.253   657.345   703.747   753.729   863.967 1.001  8600
N.est[16,10]   663.264    69.280   536.641   616.139   659.377   707.182   807.881 1.001  4000
N.est[17,10]   481.794    50.976   390.955   446.399   478.939   513.373   592.087 1.001 10000
N.est[18,10]   397.603    41.853   323.102   368.444   394.835   423.664   486.640 1.002  1900
N.est[19,10]   431.054    45.781   348.523   399.277   428.199   460.422   528.790 1.001 10000
N.est[20,10]   448.529    47.225   362.249   416.026   445.926   477.943   548.928 1.001 10000
N.est[21,10]   484.371    50.883   392.411   448.932   481.952   517.087   589.539 1.001  5200
N.est[22,10]   391.880    41.050   317.908   363.938   389.221   417.111   479.838 1.002   970
N.est[23,10]   507.870    52.836   410.936   471.498   505.140   541.494   619.364 1.001  3300
N.est[24,10]   513.083    53.706   413.825   476.092   510.524   546.813   624.586 1.001 10000
N.est[25,10]   544.554    57.049   439.861   505.177   541.339   581.683   663.505 1.003   790
N.est[26,10]   652.401    67.909   530.034   604.350   649.281   695.890   795.124 1.001 10000
N.est[27,10]   616.872    66.918   496.051   570.734   613.616   659.380   757.777 1.001  2800
N.est[28,10]   614.208   157.059   359.610   503.422   595.446   706.738   971.353 1.001 10000
N.est[29,10]   579.570    62.841   467.084   535.355   576.633   619.178   714.284 1.001  2900
N.est[30,10]   647.944    67.379   526.318   601.799   644.494   691.164   788.693 1.001 10000
N.est[31,10]   827.495    85.948   668.725   768.110   823.661   882.233  1005.213 1.001  2700
N.est[32,10]   847.782    88.563   687.308   787.346   842.435   903.716  1036.952 1.001 10000
N.est[33,10]   784.828    85.823   628.300   725.786   780.562   839.255   966.622 1.001 10000
N.est[34,10]   802.917    91.423   636.161   739.376   797.582   860.097   997.323 1.001 10000
N.est[1,11]    351.469   168.618   131.537   231.770   317.813   433.353   769.380 1.001 10000
N.est[2,11]    362.254   194.767   117.212   226.021   319.156   447.512   876.163 1.001 10000
N.est[3,11]    369.001   210.509   113.040   226.139   318.352   458.143   890.308 1.001 10000
N.est[4,11]    371.342   205.995   117.035   228.147   325.854   457.773   900.945 1.001 10000
N.est[5,11]    371.357   197.945   125.434   234.234   326.680   458.093   881.122 1.002 10000
N.est[6,11]    367.490   170.832   140.900   246.374   333.132   450.030   788.861 1.002 10000
N.est[7,11]    355.186   125.296   170.367   266.973   336.152   421.000   648.926 1.003 10000
N.est[8,11]    340.298    37.129   273.927   314.725   338.254   363.783   419.761 1.001  3400
N.est[9,11]    472.141    49.962   381.829   437.550   468.863   504.384   577.907 1.001  4100
N.est[10,11]   876.754    95.208   700.697   811.017   872.803   937.582  1077.000 1.007   240
N.est[11,11]   811.239   209.803   480.064   660.123   783.252   932.041  1296.923 1.003  1100
N.est[12,11]   712.008    77.458   572.384   657.528   707.517   760.070   877.058 1.001  9800
N.est[13,11]   716.331   184.644   421.499   585.545   692.877   821.882  1140.811 1.001 10000
N.est[14,11]   679.504    72.602   549.292   629.135   675.595   726.132   834.804 1.001 10000
N.est[15,11]   724.396    76.634   582.836   672.119   721.898   773.992   884.319 1.002  1800
N.est[16,11]   533.635    55.660   433.453   495.286   530.875   568.983   651.720 1.002  1900
N.est[17,11]   594.355    62.138   480.752   551.174   591.422   634.551   723.635 1.001  6700
N.est[18,11]   509.439    53.578   412.012   472.290   506.863   543.567   622.528 1.001 10000
N.est[19,11]   510.640    53.534   413.859   473.849   507.992   544.136   624.384 1.001 10000
N.est[20,11]   472.187    49.983   382.236   437.598   469.241   503.675   575.865 1.001 10000
N.est[21,11]   466.681    49.258   377.589   432.200   464.349   499.068   570.207 1.001 10000
N.est[22,11]   371.274    38.536   302.228   344.253   369.254   394.913   452.896 1.001  7200
N.est[23,11]   367.468    38.857   297.702   340.942   365.037   391.901   449.135 1.001  9900
N.est[24,11]   401.439    42.510   325.071   372.135   399.213   428.243   491.851 1.001  2600
N.est[25,11]   382.603    40.172   309.778   354.835   380.648   407.649   468.401 1.002  1600
N.est[26,11]   442.217    46.483   358.829   409.700   439.929   471.866   538.324 1.001  9500
N.est[27,11]   460.205    48.949   371.675   425.374   458.576   491.155   563.385 1.001  7400
N.est[28,11]   374.948    39.106   304.642   347.772   372.591   399.747   460.211 1.002  1100
N.est[29,11]   455.343    47.440   367.871   422.796   453.309   485.667   554.913 1.001 10000
N.est[30,11]   484.283    50.665   392.893   448.854   481.968   515.986   593.449 1.001 10000
N.est[31,11]   604.611    64.463   488.076   560.193   601.129   645.319   741.830 1.001 10000
N.est[32,11]   600.747    62.938   487.667   556.818   597.495   641.183   731.344 1.001 10000
N.est[33,11]   624.787    68.418   502.198   577.399   619.470   668.335   770.011 1.001 10000
N.est[34,11]   638.417    72.851   508.150   588.004   632.738   684.816   793.160 1.001 10000
Ntot[1]      53040.578  3379.593 46814.780 50694.257 52935.121 55206.752 60040.408 1.001  7100
Ntot[2]      53552.012  9074.902 38961.361 47258.762 52294.163 58852.258 73968.793 1.002 10000
Ntot[3]      54244.330 12440.710 34771.815 45470.996 52699.933 61171.749 83253.598 1.005  1400
Ntot[4]      54110.522 14031.138 32803.480 44114.991 52077.648 61749.462 87196.241 1.002  4300
Ntot[5]      53359.743 13883.613 32153.856 43747.605 51098.889 60920.221 86454.996 1.004  2600
Ntot[6]      52287.365 12014.316 33325.199 43808.466 50637.796 58974.783 79921.198 1.004  5100
Ntot[7]      50387.976  7832.122 37810.683 44887.980 49503.237 54824.761 68236.119 1.001  6000
Ntot[8]      49334.257  7661.266 37307.810 43922.939 48334.001 53665.680 67036.030 1.001 10000
Ntot[9]      48834.091 10831.890 32421.922 41138.657 47150.706 54639.921 74516.828 1.002 10000
Ntot[10]     50828.563 12159.435 33388.290 42310.303 48763.629 56973.943 79563.310 1.002 10000
Ntot[11]     52026.804 11983.422 35664.696 43890.074 49675.556 57749.736 81836.289 1.002 10000
Ntot[12]     50965.546 11208.998 35856.655 43173.781 48771.420 56124.259 78946.608 1.002 10000
Ntot[13]     49210.307  9485.008 35920.921 42514.000 47500.834 54006.277 72350.959 1.002 10000
Ntot[14]     48221.842  7044.667 37422.682 43293.045 47185.123 52076.976 64863.220 1.003  3300
Ntot[15]     42229.773  2451.847 37809.332 40513.755 42116.256 43807.705 47310.763 1.001  2900
Ntot[16]     45361.280  6647.082 35080.702 40707.498 44481.684 49011.623 60917.668 1.001 10000
Ntot[17]     45616.473  8052.894 34064.350 40143.748 44222.211 49602.213 64795.569 1.002  3300
Ntot[18]     42927.974  8167.928 31511.171 37235.746 41507.826 46951.218 62912.891 1.003  9600
Ntot[19]     40155.801  7239.720 30054.485 35086.426 38811.907 43553.707 58397.303 1.003 10000
Ntot[20]     41249.563  5437.461 32771.493 37438.181 40507.106 44249.616 53829.599 1.001 10000
Ntot[21]     46423.402  2314.589 42112.787 44844.455 46350.212 47932.910 51143.462 1.001 10000
Ntot[22]     50422.453  2554.611 45715.500 48688.798 50316.340 52092.195 55746.797 1.001  6800
Ntot[23]     57879.961  2985.191 52333.456 55816.196 57784.154 59831.473 63965.642 1.002  1800
Ntot[24]     54391.009  4150.987 47138.825 51438.163 54101.161 57009.571 63154.414 1.001  8900
Ntot[25]     46503.545  2522.966 41785.882 44758.836 46404.980 48130.654 51622.038 1.001 10000
Ntot[26]     51731.474  2850.974 46369.612 49730.055 51629.336 53609.712 57440.633 1.003   590
Ntot[27]     44861.514  2516.305 40219.521 43123.121 44765.859 46497.585 50151.098 1.001  4800
Ntot[28]     36790.922  1806.888 33388.006 35541.640 36749.775 37946.186 40513.917 1.001  3100
Ntot[29]     29753.928  1453.084 27052.701 28756.097 29716.474 30705.177 32760.798 1.001 10000
Ntot[30]     27771.643  1198.242 25527.705 26955.351 27741.081 28548.755 30224.430 1.001  2900
Ntot[31]     24652.325  1082.215 22636.777 23916.092 24618.700 25359.722 26871.963 1.002  1300
Ntot[32]     26076.892  2282.981 22276.029 24478.657 25827.786 27447.158 31194.653 1.002 10000
Ntot[33]     24928.691  1184.835 22739.568 24126.243 24877.351 25684.110 27384.412 1.001  7300
Ntot[34]     25627.583  1227.219 23363.451 24783.575 25581.512 26408.317 28165.576 1.001  6500
logNtot[1]      10.877     0.064    10.754    10.834    10.877    10.919    11.003 1.001  7200
logNtot[2]      10.875     0.164    10.570    10.763    10.865    10.983    11.211 1.002 10000
logNtot[3]      10.876     0.222    10.457    10.725    10.872    11.021    11.330 1.004  1500
logNtot[4]      10.867     0.250    10.398    10.695    10.860    11.031    11.376 1.002  4800
logNtot[5]      10.853     0.251    10.378    10.686    10.842    11.017    11.367 1.004  2800
logNtot[6]      10.839     0.223    10.414    10.688    10.832    10.985    11.289 1.004  5900
logNtot[7]      10.816     0.151    10.540    10.712    10.810    10.912    11.131 1.001  6300
logNtot[8]      10.795     0.150    10.527    10.690    10.786    10.891    11.113 1.001 10000
logNtot[9]      10.773     0.212    10.387    10.625    10.761    10.909    11.219 1.002 10000
logNtot[10]     10.810     0.224    10.416    10.653    10.795    10.950    11.284 1.002 10000
logNtot[11]     10.836     0.211    10.482    10.689    10.813    10.964    11.312 1.002 10000
logNtot[12]     10.817     0.202    10.487    10.673    10.795    10.935    11.277 1.002 10000
logNtot[13]     10.787     0.180    10.489    10.658    10.769    10.897    11.189 1.002 10000
logNtot[14]     10.774     0.140    10.530    10.676    10.762    10.860    11.080 1.003  3400
logNtot[15]     10.649     0.058    10.540    10.609    10.648    10.688    10.764 1.001  3000
logNtot[16]     10.712     0.141    10.465    10.614    10.703    10.800    11.017 1.001 10000
logNtot[17]     10.714     0.165    10.436    10.600    10.697    10.812    11.079 1.002  3400
logNtot[18]     10.651     0.177    10.358    10.525    10.634    10.757    11.050 1.003 10000
logNtot[19]     10.586     0.169    10.311    10.466    10.566    10.682    10.975 1.003 10000
logNtot[20]     10.619     0.127    10.397    10.530    10.609    10.698    10.894 1.001 10000
logNtot[21]     10.744     0.050    10.648    10.711    10.744    10.778    10.842 1.001 10000
logNtot[22]     10.827     0.051    10.730    10.793    10.826    10.861    10.929 1.001  6800
logNtot[23]     10.965     0.052    10.865    10.930    10.964    10.999    11.066 1.002  1800
logNtot[24]     10.901     0.076    10.761    10.848    10.899    10.951    11.053 1.001  9000
logNtot[25]     10.746     0.054    10.640    10.709    10.745    10.782    10.852 1.001 10000
logNtot[26]     10.852     0.055    10.744    10.814    10.852    10.889    10.959 1.003   590
logNtot[27]     10.710     0.056    10.602    10.672    10.709    10.747    10.823 1.001  4800
logNtot[28]     10.512     0.049    10.416    10.478    10.512    10.544    10.609 1.001  3100
logNtot[29]     10.300     0.049    10.206    10.267    10.299    10.332    10.397 1.001 10000
logNtot[30]     10.231     0.043    10.148    10.202    10.231    10.259    10.316 1.001  2900
logNtot[31]     10.112     0.044    10.027    10.082    10.111    10.141    10.199 1.002  1300
logNtot[32]     10.165     0.086    10.011    10.106    10.159    10.220    10.348 1.002 10000
logNtot[33]     10.123     0.047    10.032    10.091    10.122    10.154    10.218 1.001  7200
logNtot[34]     10.150     0.048    10.059    10.118    10.150    10.181    10.246 1.001  6500
mean.r[1]        0.022     0.062    -0.094    -0.020     0.022     0.063     0.146 1.005   390
mean.r[2]        0.232     0.062     0.108     0.190     0.233     0.273     0.356 1.004   530
mean.r[3]        0.251     0.062     0.129     0.209     0.250     0.292     0.372 1.005   450
mean.r[4]        0.286     0.062     0.164     0.244     0.285     0.327     0.407 1.004   460
mean.r[5]       -0.039     0.062    -0.158    -0.081    -0.040     0.002     0.083 1.006   320
mean.r[6]        0.042     0.061    -0.077     0.001     0.041     0.082     0.162 1.009   310
mean.r[7]        0.107     0.062    -0.014     0.065     0.107     0.149     0.230 1.007   250
mean.r[8]        0.092     0.063    -0.031     0.049     0.092     0.133     0.216 1.006   300
mean.r[9]        0.050     0.063    -0.072     0.007     0.049     0.091     0.173 1.006   290
mean.r[10]       0.080     0.062    -0.039     0.039     0.079     0.122     0.204 1.005   450
mean.r[11]       0.080     0.061    -0.038     0.039     0.079     0.121     0.201 1.005   350
r.proj[1]       -0.036     0.005    -0.046    -0.039    -0.036    -0.032    -0.026 1.001 10000
r.proj[2]        0.174     0.014     0.148     0.165     0.174     0.183     0.201 1.002  2100
r.proj[3]        0.192     0.014     0.164     0.182     0.192     0.201     0.220 1.002  1100
r.proj[4]        0.227     0.013     0.202     0.219     0.227     0.236     0.252 1.001 10000
r.proj[5]       -0.098     0.005    -0.108    -0.101    -0.098    -0.094    -0.087 1.001 10000
r.proj[6]       -0.016     0.005    -0.026    -0.019    -0.016    -0.012    -0.006 1.001 10000
r.proj[7]        0.049     0.012     0.025     0.041     0.049     0.057     0.072 1.001 10000
r.proj[8]        0.033     0.015     0.004     0.023     0.033     0.043     0.062 1.001 10000
r.proj[9]       -0.008     0.014    -0.037    -0.018    -0.008     0.001     0.020 1.002  2100
r.proj[10]       0.022     0.015    -0.007     0.012     0.022     0.032     0.050 1.001 10000
r.proj[11]       0.021     0.015    -0.007     0.011     0.021     0.031     0.049 1.001 10000
r.tot[2]        -0.002     0.160    -0.299    -0.112    -0.007     0.102     0.329 1.001 10000
r.tot[3]         0.002     0.181    -0.351    -0.122    -0.001     0.124     0.364 1.006  1100
r.tot[4]        -0.009     0.184    -0.362    -0.133    -0.011     0.113     0.357 1.003  7600
r.tot[5]        -0.014     0.186    -0.379    -0.138    -0.014     0.110     0.354 1.002 10000
r.tot[6]        -0.014     0.184    -0.382    -0.133    -0.012     0.109     0.339 1.002  9800
r.tot[7]        -0.023     0.181    -0.390    -0.144    -0.019     0.100     0.326 1.004 10000
r.tot[8]        -0.021     0.187    -0.390    -0.147    -0.022     0.101     0.357 1.001 10000
r.tot[9]        -0.022     0.175    -0.363    -0.141    -0.024     0.093     0.333 1.002 10000
r.tot[10]        0.037     0.169    -0.289    -0.077     0.035     0.150     0.369 1.003 10000
r.tot[11]        0.026     0.161    -0.291    -0.078     0.028     0.132     0.343 1.002 10000
r.tot[12]       -0.019     0.155    -0.335    -0.119    -0.018     0.083     0.287 1.003 10000
r.tot[13]       -0.031     0.145    -0.324    -0.122    -0.028     0.064     0.251 1.001 10000
r.tot[14]       -0.013     0.141    -0.310    -0.104    -0.007     0.084     0.246 1.002  3100
r.tot[15]       -0.124     0.137    -0.423    -0.209    -0.114    -0.029     0.118 1.005  1500
r.tot[16]        0.063     0.138    -0.182    -0.034     0.056     0.148     0.358 1.001  5300
r.tot[17]        0.002     0.136    -0.253    -0.089    -0.003     0.089     0.282 1.002  4400
r.tot[18]       -0.063     0.135    -0.326    -0.153    -0.065     0.025     0.211 1.001 10000
r.tot[19]       -0.065     0.135    -0.335    -0.152    -0.064     0.024     0.196 1.002  5100
r.tot[20]        0.033     0.137    -0.256    -0.052     0.040     0.127     0.284 1.003 10000
r.tot[21]        0.125     0.128    -0.151     0.046     0.134     0.213     0.355 1.001 10000
r.tot[22]        0.083     0.067    -0.051     0.038     0.082     0.127     0.216 1.001  5200
r.tot[23]        0.138     0.069     0.002     0.093     0.138     0.184     0.271 1.002  1400
r.tot[24]       -0.064     0.085    -0.226    -0.122    -0.065    -0.007     0.108 1.001 10000
r.tot[25]       -0.155     0.088    -0.330    -0.213    -0.153    -0.097     0.011 1.001  4700
r.tot[26]        0.106     0.074    -0.041     0.057     0.107     0.156     0.249 1.003   720
r.tot[27]       -0.143     0.074    -0.285    -0.194    -0.143    -0.092     0.007 1.001  2600
r.tot[28]       -0.198     0.070    -0.337    -0.244    -0.198    -0.151    -0.063 1.001 10000
r.tot[29]       -0.212     0.066    -0.342    -0.256    -0.212    -0.169    -0.082 1.001 10000
r.tot[30]       -0.069     0.062    -0.190    -0.110    -0.069    -0.027     0.053 1.001 10000
r.tot[31]       -0.119     0.058    -0.233    -0.159    -0.119    -0.080    -0.004 1.003   850
r.tot[32]        0.053     0.089    -0.108    -0.008     0.049     0.110     0.239 1.002  3100
r.tot[33]       -0.042     0.089    -0.228    -0.100    -0.038     0.019     0.121 1.002  8900
r.tot[34]        0.028     0.004     0.020     0.025     0.028     0.030     0.036 1.001 10000
sigma            0.341     0.017     0.313     0.328     0.342     0.352     0.373 2.282     3
deviance      -386.906    49.975  -461.082  -423.407  -395.738  -359.153  -266.835 1.027    78

For each parameter, n.eff is a crude measure of effective sample size,
and Rhat is the potential scale reduction factor (at convergence, Rhat=1).

DIC info (using the rule, pD = var(deviance)/2)
pD = 1232.7 and DIC = 845.8
DIC is an estimate of expected predictive error (lower deviance is better).
