-----------------------------------------------------
Inference for Bugs model at "C:/Work/Research/Github/JARAbeta//Chin_penguin/output1/jara.jags", fit using jags,
 2 chains, each with 1100 iterations (first 1000 discarded)
 n.sims = 200 iterations saved
               mu.vect  sd.vect      2.5%       25%       50%       75%     97.5%  Rhat n.eff
N.est[1,1]       2.836    1.132     1.239     2.098     2.632     3.471     5.124 1.007   200
N.est[2,1]       2.859    1.235     1.219     2.109     2.641     3.340     6.447 1.015   200
N.est[3,1]       2.963    1.351     1.276     2.141     2.701     3.482     6.407 1.067   200
N.est[4,1]       3.028    1.173     1.392     2.189     2.878     3.637     5.895 1.040   200
N.est[5,1]       3.058    1.036     1.469     2.370     2.950     3.622     5.403 1.018   200
N.est[6,1]       3.057    0.835     1.848     2.419     2.950     3.468     4.979 1.002   200
N.est[7,1]       3.081    0.496     2.263     2.719     3.054     3.344     4.093 1.026   170
N.est[8,1]       3.137    0.788     1.911     2.574     2.972     3.652     4.752 1.011   200
N.est[9,1]       3.144    0.874     1.784     2.553     2.963     3.667     5.377 1.010   200
N.est[10,1]      3.200    0.898     1.921     2.579     3.091     3.716     5.265 1.007   130
N.est[11,1]      3.204    0.778     1.982     2.642     3.082     3.712     5.040 1.022    62
N.est[12,1]      3.226    0.456     2.431     2.900     3.206     3.519     4.154 1.064    36
N.est[13,1]      3.871    0.955     2.233     3.265     3.781     4.418     5.812 1.010   140
N.est[14,1]      4.575    1.448     2.394     3.720     4.301     5.139     8.096 1.008   200
N.est[15,1]      5.395    2.077     2.547     3.960     4.943     6.390    11.002 1.019   180
N.est[16,1]      6.305    2.644     2.550     4.273     5.827     7.762    12.251 1.023   200
N.est[17,1]      7.071    2.955     3.033     4.857     6.602     8.554    14.155 1.024   200
N.est[18,1]      7.973    3.171     3.608     5.708     7.323     9.712    15.131 1.008   200
N.est[19,1]      9.047    3.067     4.557     6.909     8.368    11.029    15.782 1.023   140
N.est[20,1]     10.155    2.918     5.177     8.261     9.582    11.780    16.215 1.021    98
N.est[21,1]     11.490    3.107     6.795     9.257    11.195    13.190    17.507 0.998   200
N.est[22,1]     13.238    1.787    10.317    12.069    13.065    14.170    17.346 1.008   200
N.est[23,1]     19.029    2.887    14.050    17.064    19.063    20.929    24.751 1.401     7
N.est[24,1]     16.385    3.908    10.949    13.618    15.898    18.632    24.358 1.050    33
N.est[25,1]     14.082    3.777     8.523    11.354    13.590    16.043    23.202 1.005   170
N.est[26,1]     12.290    3.077     7.495    10.013    11.788    13.959    19.539 1.004   200
N.est[27,1]     10.365    1.635     7.964     9.137    10.056    11.371    13.673 1.120    17
N.est[28,1]     11.382    2.560     7.034     9.376    11.199    13.153    16.834 1.095    21
N.est[29,1]     12.178    1.748     9.513    10.954    11.963    13.361    16.324 1.090    22
N.est[30,1]     16.456    2.030    12.717    15.161    16.259    18.024    20.142 1.056    42
N.est[31,1]     19.621    2.465    15.133    17.956    19.478    21.026    24.895 1.013   140
N.est[32,1]     23.078    2.953    17.497    21.165    23.050    24.807    28.718 1.093    23
N.est[33,1]     22.834    4.207    16.068    20.196    22.336    25.140    31.979 1.013    90
N.est[34,1]     21.584    2.727    17.473    19.771    21.167    23.209    27.516 1.012   140
N.est[35,1]     19.512    2.249    15.557    18.031    19.324    20.883    24.572 1.025    56
N.est[36,1]     22.600    3.294    16.782    20.395    22.512    24.696    30.010 1.275     9
N.est[37,1]     20.000    3.998    13.848    17.006    19.617    22.356    29.469 1.022   120
N.est[38,1]     17.445    2.403    13.662    15.622    17.209    18.784    22.940 1.112    18
N.est[39,1]     18.430    2.729    13.658    16.737    18.261    19.946    23.983 1.042    56
N.est[40,1]     19.406    2.968    14.242    17.538    19.227    21.012    25.507 1.043    55
N.est[1,2]     391.043  151.789   180.009   287.982   360.640   466.692   742.967 0.997   200
N.est[2,2]     389.878  138.373   200.461   289.536   366.953   465.930   704.782 0.999   200
N.est[3,2]     385.293  127.236   196.861   308.524   365.384   440.089   740.077 1.029    90
N.est[4,2]     385.713   97.241   242.488   313.122   371.981   444.811   609.340 1.011   110
N.est[5,2]     380.730   55.042   282.710   341.181   378.457   413.470   489.241 1.079    24
N.est[6,2]     492.286  108.545   307.383   419.021   479.105   557.783   712.367 1.012   200
N.est[7,2]     618.970  151.244   395.338   513.903   595.834   695.244   996.392 1.050   200
N.est[8,2]     761.066  113.635   556.627   678.742   757.852   852.813   965.262 1.151    15
N.est[9,2]     724.661  202.523   458.727   578.874   676.639   818.378  1236.172 1.001   200
N.est[10,2]    675.496  221.071   391.242   514.724   625.822   772.616  1260.883 1.020   110
N.est[11,2]    637.044  231.374   335.422   472.021   596.324   741.402  1233.537 1.012   200
N.est[12,2]    590.480  174.497   341.107   469.141   552.266   675.292   988.851 1.039    47
N.est[13,2]    534.152  126.768   330.314   448.210   513.566   610.053   821.263 1.036    57
N.est[14,2]    496.478   64.996   383.544   457.500   493.195   542.407   631.944 1.006   200
N.est[15,2]    467.925   91.121   299.952   406.817   454.297   517.396   651.603 1.022   200
N.est[16,2]    435.550   54.421   334.002   401.207   435.897   463.716   556.961 1.016   110
N.est[17,2]    423.338   53.165   328.626   386.579   421.857   456.585   525.936 1.017   160
N.est[18,2]    379.439   52.028   298.104   341.431   371.351   409.248   489.652 1.092    23
N.est[19,2]    404.354   50.247   317.512   369.712   398.228   434.830   516.234 1.061    42
N.est[20,2]    389.178   49.704   299.495   358.677   382.199   422.618   487.528 1.042   200
N.est[21,2]    407.528   52.851   306.127   372.047   405.847   438.813   522.988 1.014   100
N.est[22,2]    363.039   75.891   248.822   313.176   345.999   403.638   558.045 1.026    81
N.est[23,2]    318.390   42.969   250.405   287.902   317.781   345.759   403.189 1.122    17
N.est[24,2]    173.830   32.647   125.416   149.639   168.311   191.422   245.159 2.045     4
N.est[25,2]    284.079   34.091   217.521   259.132   282.413   308.612   347.392 1.048    42
N.est[26,2]    310.361   66.279   203.277   263.248   303.864   351.144   456.970 1.038    43
N.est[27,2]    328.399   47.181   238.199   296.487   324.620   357.209   425.423 1.066    27
N.est[28,2]    298.560   58.274   181.876   261.335   295.197   335.218   409.676 0.999   200
N.est[29,2]    269.480   35.540   211.127   242.943   261.915   294.832   347.351 1.004   180
N.est[30,2]    294.823   36.874   241.105   269.987   290.689   313.552   376.574 0.997   200
N.est[31,2]    298.353   34.950   237.320   274.637   297.013   316.948   377.529 1.018   150
N.est[32,2]    269.864   35.374   215.875   245.206   266.336   288.418   362.889 1.056    32
N.est[33,2]    286.277   54.254   182.861   251.195   282.561   318.359   403.364 1.042   200
N.est[34,2]    304.495   36.023   237.445   280.623   302.251   327.491   376.092 1.009   120
N.est[35,2]    300.149   36.937   234.997   271.607   297.458   326.281   372.602 1.010   200
N.est[36,2]    310.132   40.426   235.745   286.259   306.811   331.312   403.872 0.996   200
N.est[37,2]    334.622   40.130   259.526   308.614   330.564   355.943   420.645 1.167    13
N.est[38,2]    308.560   42.990   232.656   280.499   304.733   333.661   404.555 0.998   200
N.est[39,2]    321.472  100.867   183.358   243.440   301.027   376.339   543.626 1.019    85
N.est[40,2]    320.864  103.773   180.349   244.060   297.840   377.537   552.614 1.019    84
N.est[1,3]     335.771  142.783   158.277   247.698   311.291   378.156   694.849 1.027   160
N.est[2,3]     346.663  131.635   162.677   254.388   318.441   417.577   693.104 1.025   200
N.est[3,3]     353.607  117.512   182.021   267.233   331.280   417.658   588.342 1.042   200
N.est[4,3]     355.366   95.317   197.958   293.425   350.374   411.662   548.485 1.045    94
N.est[5,3]     340.069   48.743   257.700   306.967   334.945   368.576   446.971 1.076    30
N.est[6,3]     432.764  112.241   255.558   351.132   419.299   493.758   705.665 1.041    48
N.est[7,3]     548.378  116.151   360.268   458.744   540.778   616.855   792.200 0.997   200
N.est[8,3]     702.393   98.206   535.390   636.243   695.750   758.944   894.707 1.094    23
N.est[9,3]     668.269  131.946   471.205   571.664   651.698   749.314   934.972 1.007   140
N.est[10,3]    604.263   80.039   452.123   548.452   603.184   655.713   758.118 1.028    95
N.est[11,3]    559.275  129.837   328.825   473.713   538.531   630.662   864.248 1.020   150
N.est[12,3]    539.650  161.032   311.161   427.594   499.394   608.855   955.908 1.012   200
N.est[13,3]    497.126  136.129   297.810   402.375   478.245   555.946   833.906 1.060   200
N.est[14,3]    454.288   58.042   334.760   417.992   452.739   492.969   572.442 1.035    53
N.est[15,3]    440.575   92.413   305.246   386.173   424.329   470.554   680.967 1.024   150
N.est[16,3]    418.864   56.664   324.309   375.215   417.823   457.323   543.542 1.018    75
N.est[17,3]    403.890   74.828   289.937   351.941   398.550   445.780   557.007 0.999   200
N.est[18,3]    396.411   50.976   310.384   359.074   393.134   430.811   502.125 0.997   200
N.est[19,3]    390.315   45.600   315.464   359.555   386.680   423.702   481.206 1.000   200
N.est[20,3]    349.412   44.841   268.195   320.437   347.952   375.516   435.032 1.005   200
N.est[21,3]    351.265   71.319   230.151   305.825   345.969   388.461   528.653 1.022   200
N.est[22,3]    347.606   51.752   263.468   309.621   343.663   379.228   459.394 1.037   200
N.est[23,3]    331.638   80.026   210.018   276.761   318.943   378.771   510.045 1.027    60
N.est[24,3]    312.162   74.802   186.092   262.259   308.751   352.388   478.302 1.022    80
N.est[25,3]    290.093   70.739   178.495   235.883   288.824   338.448   443.373 1.025   200
N.est[26,3]    274.755   36.162   205.336   251.396   272.673   297.157   346.638 1.044   200
N.est[27,3]    257.780   29.730   204.325   238.389   256.989   275.592   322.544 1.020   140
N.est[28,3]    255.243   32.435   199.652   233.342   254.484   273.785   323.199 0.999   200
N.est[29,3]    228.723   31.311   176.389   207.894   224.658   245.211   296.421 1.002   200
N.est[30,3]    241.666   34.120   185.072   215.822   236.277   266.802   314.944 1.024    58
N.est[31,3]    217.447   27.996   161.670   200.133   217.813   235.671   273.507 1.033    93
N.est[32,3]    167.139   21.618   132.053   151.107   166.304   181.609   213.817 1.149    16
N.est[33,3]    189.348   22.274   145.290   174.071   188.844   204.817   230.903 0.996   200
N.est[34,3]    210.929   25.420   166.550   193.644   207.908   227.814   264.466 1.007   200
N.est[35,3]    226.037   29.148   175.324   204.937   227.573   243.026   282.346 1.004   180
N.est[36,3]    224.468   27.246   175.012   204.712   221.086   241.686   278.473 1.010   120
N.est[37,3]    206.126   25.097   157.223   188.934   205.286   221.532   256.226 1.007   200
N.est[38,3]    197.653   27.525   148.485   181.823   193.077   213.585   258.324 1.060   110
N.est[39,3]    200.221   54.683   119.990   158.153   195.197   227.518   335.389 0.999   200
N.est[40,3]    198.143   55.764   115.823   155.547   193.536   225.889   335.119 0.999   200
N.est[1,4]    7904.398 4058.748  2822.341  5272.775  7043.029  9609.343 17756.346 1.110    21
N.est[2,4]    7757.296 3765.349  2599.530  5048.169  6983.626  9517.190 17628.680 1.100    25
N.est[3,4]    7765.711 3853.327  2791.333  5164.348  6840.943  9366.702 17673.165 1.077    28
N.est[4,4]    7713.965 3953.788  2185.409  5235.909  6624.824  9674.238 17533.257 1.026    70
N.est[5,4]    7757.142 4035.629  2208.051  4870.488  6704.423  9485.097 17458.111 1.033    53
N.est[6,4]    7964.409 4558.168  2369.919  4886.532  6734.921 10061.943 19548.074 1.041    68
N.est[7,4]    8020.773 4479.592  2012.716  4971.751  7019.404  9780.248 20513.653 1.041    48
N.est[8,4]    8019.385 4338.238  2442.554  4903.597  7011.365  9768.658 20295.976 1.036    44
N.est[9,4]    8061.011 4568.428  2687.283  4753.904  7106.352  9897.779 21106.365 1.052    32
N.est[10,4]   7877.514 4249.868  2710.420  5008.414  6920.078  9749.942 17705.718 1.064    27
N.est[11,4]   7970.332 4581.878  2509.450  4935.785  6616.379 10103.009 20594.310 1.082    25
N.est[12,4]   7930.489 4907.373  2504.806  5069.511  6929.045  9381.463 18272.379 1.075    52
N.est[13,4]   8147.567 5132.378  2850.488  5106.597  7044.315  9780.498 20358.338 1.058    53
N.est[14,4]   8118.075 4389.501  2647.196  5504.733  7273.618  9793.315 17030.853 1.043   150
N.est[15,4]   7914.997 3445.937  3159.819  5568.378  7324.906  9703.379 14688.226 1.037   200
N.est[16,4]   7722.751 2739.049  3908.184  5777.833  7263.562  9195.533 14225.411 1.046   120
N.est[17,4]   7593.442 1961.221  4329.446  6183.631  7372.819  8827.828 11912.439 1.022   200
N.est[18,4]   7314.921 1000.689  5495.412  6665.586  7263.121  7856.274  9361.583 1.052    60
N.est[19,4]   7631.354 1023.048  6088.652  6890.282  7500.694  8251.358  9747.645 0.998   200
N.est[20,4]   7617.625  917.631  6152.199  7068.478  7504.818  8088.379  9847.886 0.997   200
N.est[21,4]   7584.864  805.484  6115.110  7076.638  7564.012  8103.511  9212.823 1.087    23
N.est[22,4]   7162.051  874.295  5444.555  6567.521  7093.626  7654.757  9099.438 1.041    48
N.est[23,4]   6576.354  755.369  5079.291  6161.471  6544.099  7029.686  8062.570 1.061    35
N.est[24,4]   5964.188  680.150  4788.824  5476.013  5838.179  6439.722  7455.330 1.005   200
N.est[25,4]   5603.424  689.135  4400.140  5111.227  5567.859  6025.212  7128.908 1.015    99
N.est[26,4]   5070.405  625.054  4041.400  4676.756  5023.735  5401.963  6448.134 1.032   200
N.est[27,4]   4900.050  625.965  3794.300  4475.272  4836.011  5293.839  6281.399 1.008   200
N.est[28,4]   4378.543  493.578  3488.663  4024.448  4372.810  4695.564  5461.985 0.998   200
N.est[29,4]   3520.798  424.578  2703.063  3252.115  3506.432  3739.785  4568.314 1.057    31
N.est[30,4]   4014.356  534.796  3037.057  3629.780  3984.666  4338.652  5162.401 1.006   200
N.est[31,4]   4266.748  535.557  3286.240  3930.180  4256.040  4587.226  5379.777 1.036    49
N.est[32,4]   4168.947  553.854  3121.880  3816.825  4144.642  4554.812  5226.726 1.024    70
N.est[33,4]   4174.075 1281.200  2333.858  3334.795  3910.190  4740.581  7179.799 1.022   200
N.est[34,4]   4330.838 1591.975  1836.499  3188.260  4109.588  5261.151  8380.835 1.025   200
N.est[35,4]   4453.513 2095.032  1567.853  2872.424  4056.272  5542.799  9409.344 1.033   200
N.est[36,4]   4383.561 2369.363  1302.226  2807.380  3835.241  5464.974  9752.233 1.028   180
N.est[37,4]   4397.041 2745.899  1259.327  2748.524  3700.895  5376.121 12262.921 1.025   200
N.est[38,4]   4489.449 3272.357  1091.438  2658.666  3616.750  5262.124 14784.475 1.029   200
N.est[39,4]   4614.126 3821.273   899.311  2304.895  3441.143  5366.655 16357.359 1.059    64
N.est[40,4]   4597.303 3936.483   854.909  2226.585  3377.952  5347.894 16952.820 1.061    60
N.est[1,5]    2818.210 1366.882  1085.327  1864.478  2484.215  3545.613  6433.732 1.026    56
N.est[2,5]    2739.082 1303.878  1020.928  1739.707  2542.226  3413.742  5800.978 1.012    98
N.est[3,5]    2688.697 1264.630  1103.672  1794.054  2441.280  3237.916  5648.977 1.038    41
N.est[4,5]    2718.433 1205.530  1103.312  1852.239  2498.513  3329.996  5868.919 1.034    45
N.est[5,5]    2615.430 1087.435   974.225  1807.977  2365.579  3261.759  4945.848 1.027    74
N.est[6,5]    2593.594 1079.040  1061.118  1806.656  2399.997  3061.810  5445.246 1.021   130
N.est[7,5]    2466.884  896.528  1127.013  1855.783  2287.683  2979.502  4513.804 1.043    86
N.est[8,5]    2505.493  653.649  1479.156  2078.760  2407.174  2928.749  3921.460 0.999   200
N.est[9,5]    2428.702  350.667  1808.118  2156.616  2472.009  2659.294  3025.596 1.035   200
N.est[10,5]   2305.177  543.646  1457.121  1921.036  2252.502  2625.843  3308.625 1.005   200
N.est[11,5]   2104.174  499.257  1299.284  1759.175  2037.106  2375.838  3217.726 0.998   200
N.est[12,5]   1878.258  293.569  1404.882  1667.562  1832.110  2051.278  2524.748 1.061    51
N.est[13,5]   2113.032  493.084  1192.855  1807.206  2099.514  2365.394  3241.870 1.033    46
N.est[14,5]   2342.163  631.447  1258.647  1859.811  2349.226  2663.875  3783.952 1.026   180
N.est[15,5]   2623.362  793.397  1300.058  2070.642  2572.000  3126.929  4272.020 1.011   200
N.est[16,5]   2825.571  861.373  1383.055  2316.695  2726.202  3264.960  4664.070 1.028   200
N.est[17,5]   2998.738  779.207  1770.514  2467.473  2910.169  3421.439  4577.928 1.007   200
N.est[18,5]   3301.250  452.218  2447.907  3014.165  3300.046  3588.457  4188.450 1.016    80
N.est[19,5]   3304.686  624.826  2308.638  2814.538  3266.610  3736.414  4496.931 1.020   160
N.est[20,5]   3209.718  463.063  2390.455  2925.994  3192.707  3498.367  4302.078 1.027    90
N.est[21,5]   3145.047  857.607  1876.280  2503.368  2983.849  3599.710  5072.493 1.005   200
N.est[22,5]   3028.102 1065.385  1586.848  2238.025  2814.411  3769.504  5326.113 0.998   200
N.est[23,5]   2788.893  970.456  1380.494  2034.008  2763.561  3274.755  4847.189 1.006   200
N.est[24,5]   2668.500 1042.607  1094.879  1946.836  2503.077  3255.291  5173.051 1.002   200
N.est[25,5]   2476.460 1000.892  1031.022  1791.667  2360.140  2960.559  4664.217 1.013   200
N.est[26,5]   2370.481  967.026  1044.434  1723.510  2201.542  2816.173  4520.758 1.012   200
N.est[27,5]   2196.533  734.922  1137.880  1685.772  2100.492  2540.803  3961.452 1.003   200
N.est[28,5]   2017.329  497.170  1221.933  1646.557  1979.923  2248.348  3207.308 1.030    58
N.est[29,5]   1845.590  247.023  1418.871  1663.440  1824.613  1986.750  2389.286 1.013   130
N.est[30,5]   1982.344  247.798  1576.552  1798.538  1954.221  2141.426  2469.522 1.010   200
N.est[31,5]   2039.780  405.424  1363.556  1728.670  2010.451  2316.705  2929.977 1.022   110
N.est[32,5]   2099.863  258.616  1649.969  1928.355  2087.221  2261.501  2650.301 1.000   200
N.est[33,5]   2108.073  239.347  1690.283  1930.504  2103.778  2263.311  2586.578 1.032    67
N.est[34,5]   2090.136  250.586  1677.127  1916.050  2076.809  2235.880  2567.405 1.015   200
N.est[35,5]   1933.137  277.720  1454.841  1742.421  1913.684  2073.312  2683.701 1.044    47
N.est[36,5]   1985.364  222.154  1618.158  1834.510  1966.188  2143.399  2449.931 1.004   180
N.est[37,5]   2065.183  249.297  1583.078  1916.688  2053.069  2217.414  2581.374 1.001   200
N.est[38,5]   2002.430  256.079  1528.717  1821.626  2000.332  2168.205  2504.193 0.999   200
N.est[39,5]   1968.197  531.740  1032.520  1596.098  1934.113  2278.945  3244.801 1.002   200
N.est[40,5]   1957.990  546.405  1012.750  1571.889  1919.081  2281.547  3244.960 1.001   200
N.est[1,6]     188.613   25.787   145.109   171.238   186.172   201.660   247.974 1.006   200
N.est[2,6]     203.273   24.097   161.134   184.592   203.368   218.492   248.196 1.356     8
N.est[3,6]     147.913   18.761   113.477   135.553   147.118   158.478   187.392 1.000   200
N.est[4,6]     122.371   23.971    84.750   107.195   119.517   134.887   176.803 1.010   110
N.est[5,6]      97.266   12.083    77.638    88.948    95.787   104.896   118.779 1.007   200
N.est[6,6]      88.599   11.178    66.733    80.603    89.358    95.771   109.263 1.094    23
N.est[7,6]      50.942    8.333    37.647    44.730    49.817    56.073    69.651 1.411     7
N.est[8,6]      51.258   13.000    29.783    41.630    50.615    58.993    77.156 1.111    18
N.est[9,6]      51.238   15.425    27.299    39.375    49.437    62.286    86.738 1.075    28
N.est[10,6]     51.521   16.678    25.750    38.964    50.763    62.239    82.753 1.025   120
N.est[11,6]     50.796   17.783    21.218    38.078    48.076    62.587    85.704 1.042    79
N.est[12,6]     51.246   17.860    23.290    38.768    49.054    62.424    85.583 1.027    60
N.est[13,6]     51.672   17.740    26.696    37.985    49.783    62.834    93.163 1.051    34
N.est[14,6]     50.549   16.482    26.646    38.391    48.209    60.339    87.046 1.044    44
N.est[15,6]     48.587   12.249    30.274    40.066    47.343    55.754    78.349 1.013    96
N.est[16,6]     46.362    5.952    36.712    41.876    45.561    50.547    58.347 1.062    91
N.est[17,6]     50.034    6.084    39.152    45.713    49.863    53.870    64.749 1.026    91
N.est[18,6]     58.090    7.862    44.422    51.575    58.068    64.558    71.893 1.213    11
N.est[19,6]     38.662    5.146    29.876    35.070    38.262    41.058    50.464 1.131    17
N.est[20,6]     39.999    4.981    32.274    36.649    39.411    42.433    51.598 1.154    14
N.est[21,6]     33.866    4.131    26.380    31.051    33.385    36.351    42.830 1.015   120
N.est[22,6]     27.422    3.137    22.203    25.291    27.093    29.287    34.174 1.108    18
N.est[23,6]     25.206    3.261    20.032    22.856    24.520    27.077    32.901 1.068    26
N.est[24,6]     29.757    3.695    22.025    27.302    29.786    32.051    36.675 1.257    10
N.est[25,6]     24.743    2.841    19.824    22.560    24.762    26.985    29.904 1.383     7
N.est[26,6]     14.596    1.967    11.336    13.208    14.455    15.798    18.536 1.186    13
N.est[27,6]     10.752    1.891     8.034     9.392    10.544    11.758    15.088 1.519     6
N.est[28,6]     11.314    3.085     6.924     9.096    10.853    12.829    18.204 1.121    17
N.est[29,6]     12.170    3.997     5.865     9.037    11.674    14.530    20.338 1.033    45
N.est[30,6]     12.675    4.598     5.746     9.640    12.235    14.657    26.025 0.998   200
N.est[31,6]     13.191    4.683     5.361     9.738    12.614    16.307    24.172 1.001   200
N.est[32,6]     13.755    5.375     6.238    10.315    13.315    16.212    27.107 1.010   200
N.est[33,6]     14.037    4.786     6.054    10.740    13.408    16.608    25.707 1.009   200
N.est[34,6]     13.966    4.412     7.125    10.868    13.563    16.412    22.435 1.004   200
N.est[35,6]     14.120    3.269     8.549    12.015    13.886    15.872    21.306 0.996   200
N.est[36,6]     14.413    2.292    10.297    12.808    14.306    15.802    19.504 1.055    56
N.est[37,6]     13.686    4.406     7.346    10.639    12.977    15.453    26.804 1.013   200
N.est[38,6]     13.008    5.673     5.357     9.283    12.063    15.321    28.050 1.031    59
N.est[39,6]     12.152    5.771     3.915     8.293    11.169    15.292    26.244 1.025   110
N.est[40,6]     11.338    5.522     3.550     7.672    10.380    14.287    24.930 1.025   110
N.est[1,7]    6140.871 1683.858  3763.299  5034.423  5816.940  6974.985 10185.862 1.014    85
N.est[2,7]    5818.930  916.936  4026.923  5239.752  5843.850  6355.885  7675.561 1.122    18
N.est[3,7]    4759.306 1049.484  2909.988  3970.896  4720.321  5373.027  7295.079 1.041    89
N.est[4,7]    3973.608 1067.486  2185.557  3319.953  3840.469  4439.889  6719.046 1.084    42
N.est[5,7]    3311.086  878.548  1959.893  2763.219  3136.767  3721.590  5329.881 1.032   100
N.est[6,7]    2618.647  374.683  1958.526  2380.585  2587.892  2818.354  3401.721 1.017   200
N.est[7,7]    2331.054  296.912  1822.707  2116.331  2305.376  2511.260  3001.240 1.051    34
N.est[8,7]    1312.909  231.679   954.011  1159.801  1270.643  1435.466  1927.772 1.604     5
N.est[9,7]    1329.968  306.955   862.706  1111.247  1265.144  1551.619  1886.498 1.251    10
N.est[10,7]   1295.383  313.007   779.255  1068.035  1258.345  1487.684  2016.732 1.153    14
N.est[11,7]   1288.861  206.524   965.193  1145.994  1266.034  1384.636  1765.857 1.163    15
N.est[12,7]   1479.811  324.608   945.974  1236.169  1456.012  1685.414  2199.169 1.004   180
N.est[13,7]   1741.989  360.270  1144.795  1477.042  1703.799  1981.579  2543.302 1.007   200
N.est[14,7]   2022.723  292.474  1558.405  1798.561  2006.663  2187.364  2610.461 1.004   180
N.est[15,7]   2386.106  481.821  1597.901  2055.486  2332.224  2609.358  3548.104 1.044    37
N.est[16,7]   2788.850  430.781  2091.868  2508.502  2740.366  3010.569  3687.618 1.132    22
N.est[17,7]   2947.942  720.226  1848.538  2406.107  2861.487  3358.090  4636.998 1.011   200
N.est[18,7]   2967.445  889.437  1641.561  2354.163  2795.367  3351.417  5542.697 1.021   200
N.est[19,7]   2987.624  939.672  1696.125  2355.828  2816.654  3333.648  5793.367 1.017   200
N.est[20,7]   3043.080  875.794  1787.362  2446.879  2906.547  3479.046  5207.752 0.999   200
N.est[21,7]   3064.922  813.478  1816.311  2516.038  2989.506  3420.661  5033.007 1.001   200
N.est[22,7]   3095.318  392.891  2351.762  2839.542  3091.959  3327.612  3952.686 1.010   200
N.est[23,7]   3034.483  359.057  2398.158  2798.630  2999.770  3244.582  3734.519 1.003   200
N.est[24,7]   3185.933  780.180  1814.584  2719.709  3106.126  3630.742  4850.086 1.003   200
N.est[25,7]   3167.394  901.179  1793.213  2561.627  3041.343  3715.211  5126.456 1.007   200
N.est[26,7]   3171.774  865.121  1781.437  2561.217  3115.351  3654.526  5182.448 1.019   130
N.est[27,7]   3052.590  724.147  1859.710  2540.106  2947.296  3425.501  4724.155 1.043    47
N.est[28,7]   2959.224  405.047  2263.551  2683.982  2931.669  3209.178  3963.204 1.004   200
N.est[29,7]   2768.280  355.364  2155.672  2510.125  2739.061  3006.861  3593.692 1.019    70
N.est[30,7]   2666.832  358.093  2001.372  2412.592  2616.997  2865.038  3422.543 1.011   200
N.est[31,7]   2661.862  336.031  2091.996  2414.163  2635.447  2892.539  3364.919 1.010   120
N.est[32,7]   2753.645  375.719  2041.057  2517.560  2730.951  2979.746  3541.054 1.003   200
N.est[33,7]   3093.207  369.130  2478.875  2845.978  3055.031  3334.902  3858.721 0.997   200
N.est[34,7]   3266.658  405.108  2588.813  2989.477  3228.391  3536.909  4038.150 1.029   200
N.est[35,7]   3208.230  415.189  2437.892  2913.044  3211.043  3465.247  4044.532 1.024   200
N.est[36,7]   3225.943  900.170  1979.976  2550.901  3098.098  3620.755  5538.612 1.015    93
N.est[37,7]   3208.919 1239.373  1669.948  2373.038  2954.406  3788.401  6308.425 1.029   100
N.est[38,7]   3203.488 1593.985  1288.144  2124.723  2872.115  3887.753  7034.666 1.060    38
N.est[39,7]   3250.747 1835.605  1037.253  2093.214  2818.878  3972.465  6946.211 1.045    76
N.est[40,7]   3211.645 1868.325   984.389  2042.901  2764.735  3945.384  7025.469 1.046    74
N.est[1,8]      38.143   17.283    14.881    25.987    34.341    48.596    82.078 0.998   200
N.est[2,8]      37.579   18.288    14.354    24.360    34.800    45.106    89.904 0.997   200
N.est[3,8]      36.239   17.593    14.606    23.721    31.936    44.606    82.027 1.001   200
N.est[4,8]      34.257   15.985    14.114    22.113    31.903    41.650    77.328 1.007   130
N.est[5,8]      31.638   13.930    13.752    20.880    29.110    38.422    64.733 1.015    89
N.est[6,8]      31.326   14.079    13.091    21.418    28.713    38.691    63.932 1.005   170
N.est[7,8]      30.325   12.734    12.439    21.409    28.074    37.607    57.876 1.009   110
N.est[8,8]      30.122   12.977    12.208    21.411    27.218    35.402    60.823 1.050    37
N.est[9,8]      28.964   10.840    14.156    21.363    26.731    34.762    56.626 1.108    19
N.est[10,8]     26.944    8.288    15.396    21.798    25.736    30.632    44.933 1.213    11
N.est[11,8]     25.643    4.072    17.816    23.405    25.354    27.982    33.484 1.356     8
N.est[12,8]     21.501    5.238    13.378    17.908    20.882    24.365    32.623 1.071    27
N.est[13,8]     17.697    4.966     9.979    14.129    16.858    20.687    28.903 1.014   120
N.est[14,8]     13.973    3.804     8.505    11.076    13.530    16.164    23.082 1.008   140
N.est[15,8]     11.126    2.826     6.433     8.959    10.824    12.791    17.361 1.004   200
N.est[16,8]      8.743    1.469     6.271     7.704     8.599     9.524    11.962 1.038    46
N.est[17,8]      8.174    2.088     4.977     6.587     8.026     9.512    12.592 1.000   200
N.est[18,8]      7.481    1.820     4.661     6.240     7.213     8.673    11.748 0.996   200
N.est[19,8]      6.907    0.909     5.158     6.278     6.971     7.542     8.526 1.231    11
N.est[20,8]      4.516    0.626     3.536     4.099     4.456     4.820     6.097 1.096    29
N.est[21,8]      3.674    1.018     2.087     2.941     3.527     4.337     5.934 1.055    31
N.est[22,8]      3.093    1.001     1.600     2.389     2.912     3.611     5.404 1.033    57
N.est[23,8]      2.545    0.827     1.266     1.953     2.450     2.990     4.551 1.064    70
N.est[24,8]      2.012    0.625     1.021     1.604     1.925     2.399     3.326 1.141    17
N.est[25,8]      1.566    0.441     0.854     1.257     1.542     1.801     2.534 1.269     9
N.est[26,8]      1.260    0.256     0.923     1.068     1.223     1.367     1.857 1.632     5
N.est[27,8]      1.626    0.432     0.986     1.319     1.540     1.903     2.593 1.092    22
N.est[28,8]      2.112    0.606     1.255     1.727     2.039     2.384     3.414 1.044   170
N.est[29,8]      2.747    0.707     1.607     2.325     2.643     3.049     4.614 1.010   200
N.est[30,8]      3.349    0.490     2.535     2.974     3.336     3.681     4.306 1.191    13
N.est[31,8]      2.855    0.579     1.974     2.449     2.778     3.194     4.218 0.997   200
N.est[32,8]      2.446    0.343     1.879     2.188     2.418     2.660     3.113 1.107    19
N.est[33,8]      3.204    0.649     2.143     2.751     3.082     3.651     4.579 0.996   200
N.est[34,8]      4.060    0.581     2.935     3.652     4.049     4.443     5.311 1.135    16
N.est[35,8]      3.223    0.415     2.510     2.971     3.174     3.489     4.126 1.011   110
N.est[36,8]      3.017    0.348     2.412     2.779     2.995     3.232     3.793 1.008   120
N.est[37,8]      2.793    0.347     2.248     2.563     2.746     2.964     3.628 1.014   200
N.est[38,8]      2.204    0.322     1.689     1.967     2.168     2.424     3.040 1.112    22
N.est[39,8]      2.099    0.619     1.210     1.634     2.015     2.438     3.359 0.997   200
N.est[40,8]      1.952    0.590     1.117     1.506     1.865     2.266     3.187 0.997   200
N.est[1,9]    3275.491 1156.190  1684.207  2471.345  3170.174  3826.992  5741.855 1.003   200
N.est[2,9]    3169.088  998.972  1722.933  2328.525  2952.611  3800.324  5301.644 1.010   100
N.est[3,9]    3077.074  856.088  1672.428  2426.292  2971.402  3697.959  4855.321 0.998   200
N.est[4,9]    2989.122  468.922  2143.588  2679.249  2954.552  3234.935  3989.516 1.048   140
N.est[5,9]    2896.225  794.338  1653.396  2348.077  2754.094  3442.515  4729.673 1.000   200
N.est[6,9]    2823.748  931.060  1299.102  2192.720  2678.484  3296.577  4865.810 1.015   200
N.est[7,9]    2723.234 1065.317  1198.267  2021.372  2553.797  3297.541  4878.933 1.009   180
N.est[8,9]    2653.765 1081.912  1081.339  1941.413  2522.000  3125.268  5026.964 1.029   200
N.est[9,9]    2551.559  987.165  1208.523  1831.113  2402.691  3165.896  4464.623 1.021   200
N.est[10,9]   2330.249  769.652  1060.937  1811.153  2211.689  2746.983  4156.051 1.008   190
N.est[11,9]   2226.252  818.013   977.189  1675.864  2023.997  2624.607  4168.310 1.000   200
N.est[12,9]   2134.171  690.701  1126.284  1655.283  2035.867  2442.351  3617.900 0.997   200
N.est[13,9]   2049.257  523.808  1198.920  1697.973  1999.808  2286.317  3282.706 1.012   200
N.est[14,9]   1954.448  293.503  1462.699  1724.598  1930.582  2145.643  2640.214 1.048   130
N.est[15,9]   1862.267  518.936  1087.121  1493.773  1759.676  2171.078  2922.955 1.029   200
N.est[16,9]   1796.086  587.325   855.618  1364.413  1725.122  2121.513  3164.735 1.009   170
N.est[17,9]   1693.707  718.417   741.364  1204.646  1554.568  2075.413  3229.760 1.005   200
N.est[18,9]   1633.989  802.301   652.609  1102.323  1472.747  1989.351  3816.140 1.016   200
N.est[19,9]   1577.465  898.898   522.537   993.082  1378.834  1925.015  3673.072 1.039    85
N.est[20,9]   1506.095  883.305   512.191   930.121  1266.138  1872.044  3878.773 1.037    69
N.est[21,9]   1409.486  796.026   461.084   916.008  1213.418  1691.270  3766.037 1.022    75
N.est[22,9]   1339.730  741.687   476.904   868.563  1154.269  1593.796  3512.724 1.025    82
N.est[23,9]   1260.123  619.139   432.051   840.729  1118.982  1511.136  2706.383 1.022   200
N.est[24,9]   1144.397  495.351   438.032   804.204  1051.582  1383.977  2369.368 1.030   200
N.est[25,9]   1065.571  477.660   427.191   722.695   959.645  1250.878  2161.909 1.031   200
N.est[26,9]   1007.165  463.143   426.289   697.727   927.752  1196.440  2065.490 1.037   200
N.est[27,9]    941.038  313.108   469.699   734.095   892.784  1109.978  1549.301 1.027   200
N.est[28,9]    871.455  221.129   516.795   712.094   853.745   967.821  1349.392 1.002   200
N.est[29,9]    794.027  108.276   616.187   718.608   786.594   853.893  1038.291 1.149    16
N.est[30,9]    745.706  149.748   517.492   630.217   732.449   827.534  1080.323 1.105    19
N.est[31,9]    665.314   86.227   513.759   602.950   668.904   719.826   839.717 1.017    77
N.est[32,9]    518.022   71.045   398.805   463.953   517.284   561.698   690.181 1.157    14
N.est[33,9]    526.469   66.196   415.946   482.837   515.057   565.761   666.000 1.037    56
N.est[34,9]    612.256   77.262   464.298   553.778   609.369   663.212   782.394 1.025    63
N.est[35,9]    732.043  104.727   558.441   661.640   729.869   783.093   986.578 1.003   200
N.est[36,9]    980.847  125.183   737.413   895.235   976.528  1063.676  1220.256 1.323     9
N.est[37,9]    998.712  123.450   761.208   918.781   998.197  1070.791  1284.196 1.135    18
N.est[38,9]    978.301  130.400   757.413   881.506   965.239  1070.303  1224.254 1.063    52
N.est[39,9]    962.897  257.977   519.336   792.329   912.541  1120.723  1538.731 1.011   170
N.est[40,9]    934.544  256.893   502.736   770.053   884.665  1090.717  1505.706 1.011   170
N.est[1,10]    759.068  379.963   268.408   477.358   723.597   910.562  1612.099 1.001   200
N.est[2,10]    762.546  405.087   236.134   491.049   661.666   983.940  1802.225 1.000   200
N.est[3,10]    763.370  425.526   221.140   464.032   659.830  1011.495  1631.376 0.997   200
N.est[4,10]    776.622  443.901   220.410   460.248   676.888  1051.229  1944.733 1.005   200
N.est[5,10]    784.261  454.468   222.327   473.819   679.020   990.444  1896.886 1.019   200
N.est[6,10]    788.056  442.781   233.187   496.915   680.891  1015.439  1824.777 1.010   200
N.est[7,10]    820.004  500.641   215.231   486.827   696.596  1044.860  1798.970 1.034   150
N.est[8,10]    815.243  498.505   213.116   450.238   694.022  1048.561  2236.574 1.044   200
N.est[9,10]    832.334  511.938   218.952   486.110   719.048  1024.775  2175.550 1.037   170
N.est[10,10]   841.893  531.954   236.195   466.169   689.212  1057.370  2238.112 1.038   200
N.est[11,10]   867.699  604.305   233.797   488.509   692.592  1081.266  2844.992 1.045   200
N.est[12,10]   852.503  572.852   245.078   463.086   699.101  1055.337  2677.738 1.019   200
N.est[13,10]   842.191  504.526   265.209   483.260   686.422  1079.986  2211.992 1.022   200
N.est[14,10]   831.947  450.144   266.048   477.142   742.275  1058.394  1928.662 1.009   200
N.est[15,10]   853.233  466.887   272.811   499.785   714.064  1127.276  1868.039 1.000   200
N.est[16,10]   825.292  458.212   290.934   490.527   719.145  1021.781  1877.500 0.997   200
N.est[17,10]   828.613  428.735   308.696   531.209   712.570  1043.817  1851.797 1.010   160
N.est[18,10]   793.099  354.601   330.423   524.422   731.125  1014.345  1610.271 1.019    76
N.est[19,10]   780.646  277.792   373.968   579.985   732.158   943.284  1430.817 1.013    89
N.est[20,10]   766.643  212.656   406.533   598.514   748.465   894.632  1201.839 1.015    81
N.est[21,10]   717.557  110.238   524.465   643.067   706.749   788.617   943.562 1.026   200
N.est[22,10]   720.713  170.986   412.504   604.065   719.422   827.483  1077.083 1.001   200
N.est[23,10]   727.950  221.534   376.531   578.681   701.192   849.761  1196.160 1.021    64
N.est[24,10]   709.755  216.980   339.971   569.079   685.691   809.742  1268.250 1.042    41
N.est[25,10]   693.287  194.193   348.110   570.648   670.131   821.782  1078.438 1.053    63
N.est[26,10]   657.618  153.597   424.966   544.074   625.750   766.617   998.789 1.017    77
N.est[27,10]   641.503   94.409   485.251   575.704   639.278   688.253   862.540 1.063    33
N.est[28,10]   807.747  107.912   615.203   720.065   803.282   890.876  1017.664 1.137    16
N.est[29,10]   769.979  191.233   481.576   623.971   740.926   873.166  1213.233 1.010   200
N.est[30,10]   752.601  222.771   409.980   587.886   717.160   869.784  1287.116 1.024   110
N.est[31,10]   690.158  197.896   389.725   542.967   668.457   792.859  1202.466 1.018   180
N.est[32,10]   646.666  179.581   385.710   516.229   613.728   751.915  1055.627 1.027   200
N.est[33,10]   598.589   80.731   474.275   538.217   596.692   640.402   766.415 1.012   200
N.est[34,10]   683.145   80.889   535.506   627.038   679.380   735.183   848.001 1.000   200
N.est[35,10]   708.582   85.357   564.730   648.965   697.366   756.558   882.727 1.001   200
N.est[36,10]   698.337   85.183   545.765   634.488   693.183   754.915   895.877 1.005   200
N.est[37,10]   821.325  160.649   581.283   696.771   797.882   921.420  1140.656 1.053    33
N.est[38,10]   930.364  126.700   687.964   844.772   926.653  1020.157  1191.708 1.045    49
N.est[39,10]   899.004  134.501   654.589   820.442   881.237   974.411  1165.160 1.014   200
N.est[40,10]   906.356  140.917   656.594   822.285   888.429   987.290  1180.825 1.018   200
N.est[1,11]   1202.314  549.891   463.798   764.348  1118.035  1496.987  2451.426 0.999   200
N.est[2,11]   1244.158  591.921   371.478   830.128  1105.179  1593.021  2537.133 1.023   150
N.est[3,11]   1264.782  724.101   321.267   779.969  1087.462  1561.153  3131.446 1.043    85
N.est[4,11]   1273.978  758.786   343.772   741.908  1082.481  1564.926  3301.406 1.017   170
N.est[5,11]   1244.328  704.938   419.927   698.840  1070.452  1614.747  3033.631 1.007   200
N.est[6,11]   1263.060  771.332   373.899   714.038  1085.753  1684.767  3122.776 1.000   200
N.est[7,11]   1290.828  785.435   386.310   744.216  1031.339  1682.548  3246.620 0.999   200
N.est[8,11]   1259.644  765.737   322.440   685.387  1132.220  1633.397  3238.073 1.012   180
N.est[9,11]   1231.937  690.126   334.145   729.374  1058.119  1565.645  2894.085 1.011   200
N.est[10,11]  1217.091  664.670   350.006   743.291  1035.315  1553.908  2762.094 1.005   200
N.est[11,11]  1201.124  579.490   435.966   757.324  1073.439  1590.743  2419.812 1.011   110
N.est[12,11]  1201.291  502.945   420.861   821.637  1152.198  1447.268  2410.302 1.007   160
N.est[13,11]  1153.208  463.206   457.754   791.839  1064.228  1440.948  2121.552 1.000   200
N.est[14,11]  1142.783  410.763   559.246   850.289  1079.427  1359.671  2169.127 1.009   120
N.est[15,11]  1120.468  313.934   652.613   911.556  1073.209  1264.903  2022.569 1.029   110
N.est[16,11]  1101.089  143.870   864.832  1011.297  1084.678  1177.510  1452.262 1.004   190
N.est[17,11]  1220.456  155.036   941.883  1113.745  1206.330  1324.779  1591.748 1.050    45
N.est[18,11]  1177.195  159.450   898.691  1076.904  1160.112  1260.015  1509.706 1.028   190
N.est[19,11]  1142.304  144.687   894.260  1050.817  1129.930  1233.104  1468.065 1.005   200
N.est[20,11]  1097.409  212.978   711.047   945.202  1064.713  1226.712  1602.992 1.005   160
N.est[21,11]  1061.010  151.643   804.354   958.534  1057.810  1154.301  1357.934 1.008   200
N.est[22,11]  1018.670  260.882   623.266   827.932   986.231  1140.410  1577.493 1.011   140
N.est[23,11]   971.962  292.399   543.136   752.288   918.958  1155.956  1668.052 1.012   200
N.est[24,11]   911.548  273.774   514.232   709.685   882.128  1045.715  1450.286 1.054   200
N.est[25,11]   833.694  216.214   499.918   686.930   802.476   965.596  1352.788 0.996   200
N.est[26,11]   776.895  110.903   601.140   688.084   780.286   837.574  1054.685 1.017   200
N.est[27,11]   780.222  200.226   481.314   645.313   763.225   891.169  1266.083 0.999   200
N.est[28,11]   766.857  220.076   400.426   602.680   762.374   895.311  1241.227 0.998   200
N.est[29,11]   732.387  232.744   383.259   568.189   688.200   849.219  1204.692 1.022   200
N.est[30,11]   703.119  207.476   383.224   548.770   685.271   813.644  1186.501 0.999   200
N.est[31,11]   673.570  181.975   368.249   555.191   642.633   779.694  1116.383 0.999   200
N.est[32,11]   616.440   98.638   459.792   552.706   602.468   661.776   839.743 1.086    69
N.est[33,11]   650.368  155.367   386.025   536.102   641.582   746.063  1020.708 1.006   200
N.est[34,11]   664.725  147.721   405.844   558.610   649.704   752.136   964.611 1.018   200
N.est[35,11]   662.899  105.065   487.657   584.868   651.819   736.034   881.790 1.028   200
N.est[36,11]   666.575  191.030   366.569   530.087   639.918   794.721  1061.113 0.996   200
N.est[37,11]   694.842  293.459   311.238   477.230   636.220   833.649  1330.257 1.002   200
N.est[38,11]   696.583  354.619   231.467   452.926   625.925   843.495  1644.207 1.006   200
N.est[39,11]   725.797  456.624   187.275   415.579   621.876   862.111  1864.019 1.032   200
N.est[40,11]   721.934  468.828   177.775   400.725   614.644   858.733  1850.575 1.031   200
N.est[1,12]    518.155  184.256   264.054   360.965   485.072   651.279   900.533 1.046    37
N.est[2,12]    522.855  181.410   281.504   381.016   490.320   640.640   934.864 1.016    91
N.est[3,12]    529.103  185.260   258.032   408.744   501.595   611.136  1032.146 1.009   130
N.est[4,12]    524.931  147.402   313.237   427.295   498.600   602.031   892.897 1.009   200
N.est[5,12]    520.028   79.878   389.781   458.239   516.918   571.812   701.005 1.015    82
N.est[6,12]    586.672  158.734   322.661   473.286   569.032   674.192   921.334 0.997   200
N.est[7,12]    637.872  237.054   291.100   479.848   592.583   744.567  1234.576 1.004   200
N.est[8,12]    703.996  291.448   327.882   493.840   624.574   837.834  1415.099 1.001   200
N.est[9,12]    775.319  324.035   358.075   533.836   692.878   981.254  1557.202 1.018   200
N.est[10,12]   860.956  433.488   361.898   527.133   777.685  1040.245  1873.100 1.015   200
N.est[11,12]   903.729  451.203   336.864   589.949   806.974  1103.591  2095.008 1.016   200
N.est[12,12]   952.956  534.581   326.390   597.486   828.453  1149.437  2357.775 1.046   120
N.est[13,12]   996.858  494.356   341.744   672.826   873.918  1217.144  2220.106 1.048   130
N.est[14,12]  1044.809  460.614   444.735   717.018   942.513  1285.610  2008.223 1.048    88
N.est[15,12]  1128.096  510.777   504.810   776.284  1029.246  1357.156  2194.995 1.053   120
N.est[16,12]  1191.635  460.646   593.660   854.689  1113.379  1423.206  2287.329 1.018   200
N.est[17,12]  1308.366  419.871   692.479  1027.815  1252.313  1519.512  2330.441 1.008   200
N.est[18,12]  1399.803  377.387   805.065  1171.733  1355.441  1625.978  2114.717 1.003   200
N.est[19,12]  1524.352  237.824  1099.225  1348.547  1515.857  1677.780  2048.234 1.011   200
N.est[20,12]  1638.160  403.314   946.147  1329.076  1630.994  1866.991  2456.252 1.008   150
N.est[21,12]  1795.044  616.313   882.523  1341.093  1700.230  2186.396  3282.646 1.042    51
N.est[22,12]  1899.954  754.591   866.394  1346.618  1741.594  2285.697  3777.529 1.045    92
N.est[23,12]  1962.436  805.924   877.643  1393.815  1772.484  2429.896  3883.675 1.065   160
N.est[24,12]  2069.615  879.336   869.072  1410.290  1793.979  2613.398  3780.891 1.038   120
N.est[25,12]  2172.049  950.596   826.619  1487.847  1931.032  2736.272  4572.831 1.046   200
N.est[26,12]  2223.650  988.395   766.714  1555.656  2056.855  2732.657  4292.017 1.026   200
N.est[27,12]  2282.048  986.075   972.132  1597.336  2148.061  2715.385  4613.447 1.050   200
N.est[28,12]  2389.095  986.731   928.068  1784.934  2226.323  2867.558  5056.384 1.070   200
N.est[29,12]  2504.420  890.354  1054.350  1870.240  2417.365  3015.727  4562.183 1.016   200
N.est[30,12]  2616.663  839.381  1246.759  2007.164  2515.197  3120.680  4585.216 1.001   200
N.est[31,12]  2756.788  741.916  1502.347  2280.992  2631.823  3201.235  4333.371 1.008   200
N.est[32,12]  2780.966  432.769  2036.080  2479.802  2717.048  3067.774  3749.175 1.033   180
N.est[33,12]  2995.307  586.463  2165.271  2557.807  2905.650  3395.407  4415.793 1.008   200
N.est[34,12]  3155.505  418.607  2455.624  2850.008  3133.267  3447.897  3982.523 1.018   100
N.est[35,12]  3279.326  393.244  2497.023  3000.416  3267.271  3530.009  4060.953 1.025    58
N.est[36,12]  3676.613  459.419  2877.053  3318.821  3660.547  3990.262  4583.092 0.996   200
N.est[37,12]  3616.299  441.898  2925.973  3276.526  3586.242  3908.761  4495.910 1.010   190
N.est[38,12]  3609.791  439.700  2903.562  3288.536  3547.006  3908.380  4512.209 1.025   100
N.est[39,12]  3488.799  480.695  2584.531  3126.487  3524.926  3783.539  4420.284 0.996   200
N.est[40,12]  3675.907  522.829  2679.359  3291.852  3709.245  4023.843  4696.506 0.997   200
N.est[1,13]    151.170   68.450    51.854   103.397   141.570   185.497   313.325 1.013   170
N.est[2,13]    151.429   79.101    45.619   101.182   138.898   193.801   326.085 1.006   160
N.est[3,13]    158.532   89.147    41.771    95.959   141.923   200.121   381.143 1.001   200
N.est[4,13]    158.170   90.995    47.209    88.094   134.947   199.504   394.679 0.998   200
N.est[5,13]    160.442   94.981    44.621    92.400   136.500   205.286   400.837 1.005   200
N.est[6,13]    159.373  103.518    38.899    91.058   133.633   201.104   387.069 0.997   200
N.est[7,13]    162.574  105.564    36.562    94.936   133.491   202.672   465.930 1.006   200
N.est[8,13]    171.399  132.620    34.883    89.963   144.006   205.699   521.795 1.030   200
N.est[9,13]    170.929  130.652    38.653    91.445   135.372   197.101   511.449 1.051   200
N.est[10,13]   170.537  127.424    37.210    92.744   132.892   209.198   494.722 1.034   200
N.est[11,13]   170.565  119.793    36.196    92.070   130.044   225.137   476.211 1.031   200
N.est[12,13]   169.339  112.515    34.251    87.645   137.037   231.214   468.572 1.014   200
N.est[13,13]   173.428  119.224    40.515    87.187   132.261   219.492   488.956 1.022   200
N.est[14,13]   168.272  114.363    40.517    89.020   132.101   219.835   487.640 1.015   200
N.est[15,13]   171.523  123.816    36.800    88.971   128.583   221.527   513.288 1.028   200
N.est[16,13]   169.349  125.555    39.588    85.881   132.957   206.616   514.112 1.023   170
N.est[17,13]   172.353  131.077    41.095    90.625   135.682   215.288   439.893 1.037   200
N.est[18,13]   172.432  129.459    48.049    97.073   144.239   195.005   535.052 1.033   200
N.est[19,13]   170.453  133.565    49.742    92.842   142.352   196.488   604.578 1.041   200
N.est[20,13]   171.441  131.178    48.197    96.776   133.855   212.515   538.350 1.039   140
N.est[21,13]   169.445  120.299    48.283    97.941   140.142   212.665   410.103 1.030    70
N.est[22,13]   169.009  109.879    47.694    98.809   148.278   206.578   428.588 1.029    79
N.est[23,13]   162.356  101.417    58.267   100.963   144.849   194.626   395.081 1.014   200
N.est[24,13]   157.185   91.274    61.437   100.234   136.778   184.139   345.712 1.019   200
N.est[25,13]   152.713   73.942    60.165   102.817   133.861   190.129   316.188 1.008   200
N.est[26,13]   148.659   64.995    64.008   105.128   137.750   179.869   295.844 1.006   200
N.est[27,13]   145.746   53.510    72.945   104.511   134.122   179.022   271.694 1.019   140
N.est[28,13]   143.081   41.045    83.186   114.090   136.678   164.750   235.456 1.033   120
N.est[29,13]   136.318   18.662   102.079   123.537   135.961   146.972   176.397 1.009   200
N.est[30,13]   144.097   27.120    95.641   127.827   143.119   160.706   202.975 1.001   200
N.est[31,13]   150.045   21.379   114.440   135.679   147.304   159.981   200.185 1.051   200
N.est[32,13]   162.808   36.428   105.183   136.656   158.107   181.219   245.594 1.000   200
N.est[33,13]   167.313   22.359   126.660   150.685   165.528   181.879   212.589 1.093    21
N.est[34,13]   148.003   17.672   119.706   134.986   147.142   158.662   183.830 1.031   100
N.est[35,13]   128.937   16.292    99.559   118.095   128.647   137.766   166.870 1.059    38
N.est[36,13]   168.438   22.226   126.416   151.869   168.919   183.631   209.391 1.662     5
N.est[37,13]   120.993   14.178    96.938   110.402   120.838   128.856   151.569 1.005   200
N.est[38,13]    85.331   10.140    67.094    78.774    85.186    90.995   106.262 1.046    42
N.est[39,13]    70.666    9.850    54.498    63.794    69.516    76.139    92.771 1.106    19
N.est[40,13]    69.481    9.993    53.408    62.910    68.300    74.832    90.668 1.112    18
N.est[1,14]    354.649   52.055   272.159   317.841   345.967   388.507   469.522 1.265    10
N.est[2,14]    338.219   45.535   267.909   307.461   331.689   359.517   439.331 1.060    67
N.est[3,14]    274.615   36.265   219.077   250.841   270.853   295.022   351.720 1.159    15
N.est[4,14]    274.459   32.671   217.478   254.673   272.765   293.778   340.967 1.003   200
N.est[5,14]    279.109   53.246   195.121   244.633   272.972   307.180   371.573 1.015   200
N.est[6,14]    260.196   31.799   201.216   239.186   259.128   284.026   329.079 1.066    32
N.est[7,14]    253.470   31.551   200.163   230.192   251.600   276.185   315.160 1.212    11
N.est[8,14]    197.522   26.610   141.140   180.129   195.148   216.214   246.206 1.210    12
N.est[9,14]    120.957   25.359    84.416   101.501   116.700   133.519   178.814 1.004   200
N.est[10,14]    70.614   10.108    54.686    63.065    70.467    75.544    92.559 1.183    13
N.est[11,14]    67.502    8.399    50.781    61.862    67.470    73.984    82.675 1.174    14
N.est[12,14]    39.418    4.727    30.946    36.000    39.827    42.751    47.192 1.000   200
N.est[13,14]    27.233    4.835    18.817    23.487    27.140    30.532    36.901 1.003   200
N.est[14,14]    18.952    2.448    14.694    17.194    19.058    20.797    23.702 1.287     9
N.est[15,14]     9.433    1.860     6.559     8.125     9.228    10.619    13.151 0.999   200
N.est[16,14]     4.554    0.621     3.592     4.170     4.449     4.946     5.926 1.086    24
N.est[17,14]     3.059    0.397     2.344     2.796     3.057     3.298     3.899 1.012   200
N.est[18,14]     2.151    0.304     1.697     1.935     2.117     2.319     2.879 1.070   100
N.est[19,14]     1.683    0.501     0.932     1.319     1.626     1.915     2.965 1.033    55
N.est[20,14]     1.291    0.503     0.565     0.924     1.204     1.581     2.551 1.040    44
N.est[21,14]     0.983    0.456     0.358     0.631     0.873     1.245     2.101 1.037    50
N.est[22,14]     0.772    0.450     0.220     0.460     0.663     0.961     1.785 1.029    69
N.est[23,14]     0.601    0.418     0.123     0.303     0.499     0.770     1.654 1.038    81
N.est[24,14]     0.464    0.347     0.078     0.209     0.380     0.605     1.367 1.039    96
N.est[25,14]     0.358    0.296     0.054     0.158     0.294     0.448     1.258 1.035   110
N.est[26,14]     0.280    0.270     0.041     0.116     0.207     0.331     1.097 1.027   180
N.est[27,14]     0.228    0.252     0.023     0.088     0.151     0.256     0.907 1.038   120
N.est[28,14]     0.178    0.211     0.016     0.053     0.104     0.200     0.724 1.045   170
N.est[29,14]     0.142    0.189     0.010     0.040     0.077     0.149     0.652 1.053   200
N.est[30,14]     0.108    0.139     0.006     0.028     0.061     0.116     0.533 1.057   190
N.est[31,14]     0.089    0.127     0.005     0.019     0.043     0.088     0.442 1.055   200
N.est[32,14]     0.070    0.116     0.004     0.013     0.031     0.069     0.332 1.062   190
N.est[33,14]     0.057    0.106     0.002     0.009     0.021     0.057     0.281 1.055   170
N.est[34,14]     0.047    0.091     0.001     0.007     0.017     0.048     0.230 1.058   200
N.est[35,14]     0.039    0.084     0.001     0.005     0.012     0.036     0.178 1.054   200
N.est[36,14]     0.028    0.055     0.001     0.004     0.009     0.030     0.139 1.043   200
N.est[37,14]     0.023    0.043     0.000     0.003     0.007     0.023     0.135 1.048   200
N.est[38,14]     0.018    0.038     0.000     0.002     0.005     0.016     0.111 1.051   200
N.est[39,14]     0.015    0.036     0.000     0.001     0.004     0.013     0.092 1.055   180
N.est[40,14]     0.012    0.030     0.000     0.001     0.003     0.010     0.074 1.055   180
N.est[1,15]   2112.972  291.648  1647.811  1905.953  2077.398  2298.537  2768.359 1.006   200
N.est[2,15]   1684.333  224.069  1322.096  1522.587  1661.711  1814.398  2153.722 1.084    26
N.est[3,15]   1723.845  220.691  1327.913  1569.547  1687.896  1865.670  2174.464 1.038    83
N.est[4,15]   1751.881  429.965  1000.498  1489.874  1737.260  1986.779  2723.198 1.029   110
N.est[5,15]   1787.299  548.827   928.698  1404.524  1675.306  2071.741  3070.734 1.035    96
N.est[6,15]   1753.083  561.006   767.656  1317.001  1676.620  2151.673  2903.388 1.022   180
N.est[7,15]   1743.563  606.061   837.354  1360.918  1633.890  2034.269  3366.621 1.039   160
N.est[8,15]   1714.303  557.315   876.648  1314.900  1650.473  2028.778  2936.652 1.014   200
N.est[9,15]   1690.424  425.269  1072.812  1386.975  1627.528  1973.551  2532.673 1.043   200
N.est[10,15]  1622.624  216.044  1260.661  1475.484  1613.768  1767.809  2080.420 1.007   200
N.est[11,15]  1564.058  166.715  1263.027  1460.780  1558.182  1648.806  1903.364 1.052    51
N.est[12,15]  1640.598  200.977  1309.262  1500.666  1622.463  1768.601  2088.886 1.036    57
N.est[13,15]  1693.582  348.340  1132.414  1435.196  1682.765  1916.159  2470.439 1.006   190
N.est[14,15]  1727.676  236.676  1288.947  1579.143  1733.146  1870.320  2223.135 1.079    35
N.est[15,15]  1602.942  323.972  1030.820  1362.161  1588.547  1747.420  2345.080 1.036    45
N.est[16,15]  1471.655  189.728  1135.460  1330.178  1447.508  1587.796  1839.032 1.054   200
N.est[17,15]  1464.848  180.999  1134.507  1336.593  1450.651  1597.806  1825.458 0.997   200
N.est[18,15]  1370.626  198.398  1031.477  1230.785  1356.811  1489.073  1756.191 0.999   200
N.est[19,15]  1389.185  418.804   804.495  1076.601  1305.690  1615.864  2291.613 0.997   200
N.est[20,15]  1398.222  572.690   564.268  1027.955  1311.956  1630.581  3065.101 1.004   200
N.est[21,15]  1437.972  773.810   484.341   917.607  1265.057  1647.593  3543.918 1.006   200
N.est[22,15]  1462.057  953.824   447.334   821.833  1222.805  1757.620  4111.780 1.001   200
N.est[23,15]  1477.292 1053.598   377.375   764.101  1175.587  1795.554  4392.612 1.002   200
N.est[24,15]  1473.604 1137.700   279.304   733.004  1176.250  1753.410  4630.218 0.999   200
N.est[25,15]  1484.572 1361.380   245.240   658.009  1087.173  1763.526  5148.542 0.996   200
N.est[26,15]  1517.455 1510.297   228.200   615.512  1087.135  1716.076  5321.059 0.997   200
N.est[27,15]  1562.223 1747.696   204.906   641.980  1078.802  1863.450  5151.367 0.996   200
N.est[28,15]  1679.432 2335.712   200.171   578.694  1093.879  1876.024  6053.453 0.996   200
N.est[29,15]  1732.570 2754.036   174.527   560.853  1117.146  1941.224  6688.417 0.996   200
N.est[30,15]  1774.331 2667.478   169.007   516.786  1057.288  2032.640  7101.798 0.997   200
N.est[31,15]  1784.427 2792.944   117.977   468.606  1017.132  1840.886  8498.176 0.997   200
N.est[32,15]  1824.886 2800.777    95.581   464.554  1132.871  1944.478  8239.047 0.997   200
N.est[33,15]  1879.026 2837.682    94.103   406.998  1151.144  2105.706  8125.269 0.996   200
N.est[34,15]  2041.414 3450.956    83.541   387.956  1140.707  2401.304 10449.151 0.996   200
N.est[35,15]  2178.556 3934.121    74.769   341.976  1068.384  2222.017 15948.055 0.996   200
N.est[36,15]  2453.206 4742.237    88.589   337.202  1030.941  2417.345 20511.112 0.996   200
N.est[37,15]  2475.477 5371.021    67.711   309.849  1069.420  2357.526 19505.667 0.997   200
N.est[38,15]  2621.914 5975.666    56.245   299.994  1070.045  2438.781 23489.736 0.997   200
N.est[39,15]  2930.393 6833.549    50.921   294.794  1028.216  2791.128 30351.508 0.997   200
N.est[40,15]  3050.414 7403.081    46.021   279.055  1011.064  2812.182 32501.478 0.997   200
N.est[1,16]    185.457   69.131    87.212   135.686   172.766   222.183   351.461 1.023    63
N.est[2,16]    182.446   66.404    93.665   139.172   169.377   209.716   346.637 1.008   130
N.est[3,16]    187.476   65.791    91.770   143.243   173.761   221.033   346.662 1.014   180
N.est[4,16]    185.445   50.343   109.579   150.837   179.674   210.711   312.248 1.022    70
N.est[5,16]    185.764   31.148   137.353   165.617   182.542   203.120   263.753 1.076   200
N.est[6,16]    193.556   53.992   106.269   153.822   188.065   224.431   313.080 0.997   200
N.est[7,16]    199.523   69.251    97.020   152.318   190.156   236.292   361.389 1.005   200
N.est[8,16]    206.239   91.845    84.730   142.047   189.605   246.086   425.929 1.000   200
N.est[9,16]    208.084   99.789    78.192   139.911   184.049   250.966   421.702 1.006   170
N.est[10,16]   215.725  101.625    76.360   143.064   197.098   262.323   448.383 1.015   110
N.est[11,16]   216.236  109.186    77.685   140.037   192.609   271.528   501.406 1.024    83
N.est[12,16]   221.182  124.534    76.302   140.347   188.772   275.806   556.735 1.010   160
N.est[13,16]   219.185  123.683    72.688   136.728   184.891   269.318   520.323 1.020   130
N.est[14,16]   223.267  130.990    71.832   130.745   196.277   282.595   509.489 1.014   120
N.est[15,16]   226.649  141.330    61.596   130.375   193.280   286.157   535.232 0.999   200
N.est[16,16]   224.387  134.935    65.353   120.754   191.255   281.769   584.327 1.001   200
N.est[17,16]   226.828  140.098    57.419   124.301   197.570   285.225   562.878 0.997   200
N.est[18,16]   233.967  171.941    63.422   123.970   190.268   288.825   610.457 1.006   200
N.est[19,16]   241.573  184.517    58.743   123.519   206.590   305.672   553.438 1.023   200
N.est[20,16]   244.614  177.519    57.311   130.020   202.252   310.280   633.216 1.014   200
N.est[21,16]   244.125  165.237    75.110   138.568   202.472   296.689   647.098 1.009   200
N.est[22,16]   241.276  161.897    73.484   134.362   198.350   283.955   692.770 1.015   200
N.est[23,16]   244.036  162.612    66.095   133.770   197.792   308.828   616.389 1.027   150
N.est[24,16]   241.151  159.021    73.245   135.102   198.560   305.580   618.611 1.027   200
N.est[25,16]   244.981  156.798    72.417   138.081   210.661   286.626   701.132 1.030   200
N.est[26,16]   248.395  151.034    75.657   142.300   210.444   311.876   593.430 1.031   200
N.est[27,16]   242.909  144.506    74.075   134.223   210.031   309.147   632.264 1.045   150
N.est[28,16]   237.270  137.651    75.604   135.226   209.732   295.272   583.102 1.040   160
N.est[29,16]   237.352  128.050    82.383   140.138   210.193   285.356   559.447 1.043    76
N.est[30,16]   229.085  116.937    84.060   143.377   206.170   290.486   539.954 1.025    86
N.est[31,16]   223.398   97.196    99.529   152.753   199.783   269.564   504.938 1.032    66
N.est[32,16]   219.440   79.234    91.408   163.307   214.435   268.218   392.625 1.023    62
N.est[33,16]   214.069   56.561   125.595   175.322   209.037   244.562   339.760 1.022    73
N.est[34,16]   209.180   29.180   159.481   188.891   208.321   227.601   273.601 1.068    27
N.est[35,16]   248.408   33.316   190.671   226.661   246.085   265.190   333.753 1.017   200
N.est[36,16]   277.218   30.662   225.673   256.840   273.264   295.552   349.277 1.001   200
N.est[37,16]   316.060   37.190   243.836   292.286   314.722   340.398   395.167 1.045    48
N.est[38,16]   337.191   39.343   264.752   312.554   333.240   359.594   420.958 1.031   150
N.est[39,16]   305.138   42.227   242.311   271.720   297.893   333.467   400.201 1.068    32
N.est[40,16]   309.773   44.299   244.035   274.701   302.730   340.803   407.197 1.061    35
Ntot[1]      26379.160 4899.817 19223.272 23080.689 25897.591 28281.903 38333.191 1.048    38
Ntot[2]      25350.636 4250.794 18782.556 22619.251 24871.845 27657.874 36062.678 1.040    45
Ntot[3]      24118.526 4203.199 17704.374 21002.064 23735.906 26419.558 34563.550 1.055    33
Ntot[4]      23241.348 4282.228 17018.059 20346.440 22812.100 25497.285 33384.923 1.006   150
Ntot[5]      22393.875 4291.647 15912.631 19359.595 21789.021 24526.860 32251.790 1.015    81
Ntot[6]      22052.426 4793.088 15452.949 18660.565 21532.951 24409.449 32600.931 1.006   200
Ntot[7]      21901.473 4841.673 15417.365 18438.630 20966.660 23909.783 33437.719 1.009   170
Ntot[8]      21107.873 4738.441 14228.182 17419.293 20185.085 23526.851 32396.155 1.019    81
Ntot[9]      20877.501 4894.054 14503.802 17399.797 19834.006 23156.911 34235.572 1.032    48
Ntot[10]     20169.186 4521.517 14184.725 17146.524 19380.205 22194.415 31480.238 1.055    32
Ntot[11]     19856.495 4922.165 13757.326 15981.873 19302.296 21985.217 32927.462 1.056    32
Ntot[12]     19706.119 5229.437 13505.736 16292.441 18856.562 21776.183 29709.536 1.067   140
Ntot[13]     20262.049 5289.872 14342.312 16895.831 19425.562 22195.343 30774.552 1.046   200
Ntot[14]     20614.979 4620.745 14552.926 17500.506 19980.774 22760.167 28505.304 1.055   200
Ntot[15]     20872.683 3704.366 14964.627 18209.345 20491.580 22966.394 28811.608 1.031   200
Ntot[16]     21037.043 3155.755 16638.528 18938.387 20581.179 22661.841 28342.531 1.026   200
Ntot[17]     21350.858 2521.188 17054.287 19372.529 21107.293 23064.128 26874.210 1.000   200
Ntot[18]     21216.273 1692.087 18210.575 20041.898 21209.645 22119.036 25174.806 1.003   200
Ntot[19]     21600.611 1846.379 18610.309 20415.082 21331.538 22671.201 25999.017 1.003   200
Ntot[20]     21487.558 1827.108 18451.932 20349.589 21340.887 22502.307 25413.490 0.997   200
Ntot[21]     21438.279 1965.559 18250.701 20073.221 21232.544 22571.310 25475.624 1.032    56
Ntot[22]     20892.050 2162.154 17359.709 19423.363 20654.176 22088.529 25508.237 1.020    69
Ntot[23]     19903.294 2089.650 16166.158 18596.029 19735.863 20981.676 25212.947 1.035    44
Ntot[24]     19060.488 2162.420 15697.605 17760.903 18698.399 20081.811 23927.416 1.008   130
Ntot[25]     18509.069 2373.282 14926.309 16968.051 18162.025 19701.333 24070.271 1.003   200
Ntot[26]     17806.038 2452.064 14046.617 16076.613 17401.440 19013.090 23372.815 0.997   200
Ntot[27]     17354.011 2414.960 13780.544 15806.841 17018.446 18603.569 21349.336 1.006   150
Ntot[28]     16828.823 2668.564 13271.223 15350.725 16403.809 17984.518 21703.400 1.009   200
Ntot[29]     15567.160 3032.446 12625.010 14091.440 15102.272 16187.238 20159.191 1.058   160
Ntot[30]     16198.214 3036.671 13331.496 14665.323 15488.565 16728.861 21957.537 1.056   200
Ntot[31]     16463.647 3061.672 13459.188 14909.988 15827.803 17062.153 23191.118 1.076   200
Ntot[32]     16268.035 2955.139 13547.611 14782.337 15570.353 16729.653 22549.052 1.088   180
Ntot[33]     16922.254 3280.998 13584.031 14954.809 16133.816 17877.093 24365.338 1.053   200
Ntot[34]     17756.941 3933.218 13813.733 15616.369 16902.264 18436.051 27394.232 1.056   200
Ntot[35]     18096.710 4625.499 13472.094 15441.181 16928.258 19455.273 31135.962 1.025   200
Ntot[36]     19090.760 5474.875 13848.736 15837.301 17802.387 20214.707 36597.557 1.006   200
Ntot[37]     19292.100 6164.328 13602.333 15980.340 17948.564 20359.579 36367.423 1.007   200
Ntot[38]     19493.728 6935.923 13294.466 15890.309 17759.823 20737.018 37993.044 1.004   200
Ntot[39]     19770.151 7798.639 12503.028 15452.525 17926.517 20898.678 42207.618 1.007   200
Ntot[40]     19987.061 8339.023 12471.196 15568.559 18018.409 20975.709 44428.247 1.007   200
logNtot[1]      10.165    0.169     9.864    10.047    10.162    10.250    10.554 1.049    37
logNtot[2]      10.127    0.161     9.841    10.027    10.121    10.228    10.493 1.041    44
logNtot[3]      10.076    0.168     9.782     9.952    10.075    10.182    10.451 1.057    33
logNtot[4]      10.038    0.175     9.742     9.921    10.035    10.146    10.416 1.006   150
logNtot[5]      10.000    0.181     9.675     9.871     9.989    10.108    10.381 1.015    80
logNtot[6]       9.980    0.203     9.646     9.834     9.977    10.103    10.392 1.006   200
logNtot[7]       9.972    0.206     9.643     9.822     9.951    10.082    10.417 1.010   160
logNtot[8]       9.934    0.214     9.563     9.765     9.913    10.066    10.386 1.020    79
logNtot[9]       9.922    0.219     9.582     9.764     9.895    10.050    10.441 1.033    47
logNtot[10]      9.889    0.209     9.560     9.750     9.872    10.008    10.357 1.055    32
logNtot[11]      9.869    0.229     9.529     9.679     9.868     9.998    10.402 1.058    31
logNtot[12]      9.861    0.225     9.511     9.698     9.845     9.989    10.299 1.065   120
logNtot[13]      9.891    0.216     9.571     9.735     9.874    10.008    10.334 1.043   180
logNtot[14]      9.914    0.192     9.586     9.770     9.903    10.033    10.258 1.052   200
logNtot[15]      9.932    0.169     9.613     9.810     9.928    10.042    10.269 1.030   200
logNtot[16]      9.944    0.144     9.719     9.849     9.932    10.028    10.252 1.026   200
logNtot[17]      9.962    0.117     9.744     9.872     9.957    10.046    10.199 1.000   200
logNtot[18]      9.959    0.079     9.810     9.906     9.962    10.004    10.134 1.003   200
logNtot[19]      9.977    0.083     9.831     9.924     9.968    10.029    10.166 1.003   200
logNtot[20]      9.972    0.083     9.823     9.921     9.968    10.021    10.143 0.997   200
logNtot[21]      9.969    0.090     9.812     9.907     9.963    10.024    10.145 1.031    56
logNtot[22]      9.942    0.101     9.762     9.874     9.936    10.003    10.147 1.020    69
logNtot[23]      9.893    0.102     9.691     9.831     9.890     9.951    10.135 1.035    44
logNtot[24]      9.849    0.110     9.661     9.785     9.836     9.908    10.083 1.008   130
logNtot[25]      9.818    0.122     9.611     9.739     9.807     9.888    10.089 1.003   200
logNtot[26]      9.778    0.132     9.550     9.685     9.764     9.853    10.059 0.997   200
logNtot[27]      9.753    0.130     9.531     9.668     9.742     9.831     9.969 1.006   150
logNtot[28]      9.721    0.136     9.493     9.639     9.705     9.797     9.985 1.007   200
logNtot[29]      9.640    0.150     9.443     9.553     9.623     9.692     9.911 1.051   160
logNtot[30]      9.680    0.148     9.498     9.593     9.648     9.725     9.997 1.050   200
logNtot[31]      9.696    0.150     9.507     9.610     9.670     9.745    10.052 1.071   200
logNtot[32]      9.685    0.144     9.514     9.601     9.653     9.725    10.023 1.083   190
logNtot[33]      9.722    0.162     9.517     9.613     9.689     9.791    10.101 1.049   200
logNtot[34]      9.767    0.178     9.533     9.656     9.735     9.822    10.218 1.052   200
logNtot[35]      9.780    0.205     9.508     9.645     9.737     9.876    10.346 1.022   200
logNtot[36]      9.827    0.230     9.536     9.670     9.787     9.914    10.508 1.005   200
logNtot[37]      9.833    0.243     9.518     9.679     9.795     9.921    10.501 1.006   200
logNtot[38]      9.836    0.266     9.495     9.673     9.785     9.940    10.545 1.002   200
logNtot[39]      9.840    0.296     9.434     9.646     9.794     9.947    10.650 1.006   180
logNtot[40]      9.847    0.306     9.431     9.653     9.799     9.951    10.702 1.007   180
mean.r[1]        0.075    0.037     0.012     0.043     0.077     0.097     0.152 1.011   200
mean.r[2]        0.026    0.042    -0.050    -0.002     0.025     0.054     0.104 1.134    18
mean.r[3]        0.019    0.042    -0.063    -0.007     0.018     0.046     0.098 1.023   110
mean.r[4]        0.007    0.045    -0.075    -0.025     0.013     0.039     0.085 1.115    21
mean.r[5]        0.020    0.045    -0.065    -0.009     0.023     0.053     0.101 1.032    69
mean.r[6]       -0.047    0.040    -0.116    -0.074    -0.050    -0.021     0.033 1.167    14
mean.r[7]        0.010    0.041    -0.067    -0.013     0.008     0.035     0.097 1.015   180
mean.r[8]       -0.044    0.041    -0.115    -0.069    -0.046    -0.015     0.034 1.019   150
mean.r[9]       -0.002    0.044    -0.089    -0.029    -0.002     0.029     0.086 1.007   130
mean.r[10]       0.040    0.040    -0.032     0.012     0.037     0.065     0.126 1.041    53
mean.r[11]       0.015    0.044    -0.060    -0.019     0.015     0.046     0.096 1.000   200
mean.r[12]       0.082    0.042    -0.001     0.056     0.081     0.109     0.161 1.014   140
mean.r[13]       0.015    0.041    -0.059    -0.015     0.018     0.041     0.094 1.024   130
mean.r[14]      -0.278    0.061    -0.391    -0.320    -0.283    -0.233    -0.161 1.084    40
mean.r[15]       0.009    0.056    -0.091    -0.027     0.010     0.047     0.121 1.024    99
mean.r[16]       0.041    0.043    -0.045     0.012     0.042     0.068     0.127 1.073    35
r.proj[1]        0.051    0.011     0.030     0.043     0.051     0.058     0.075 1.009   200
r.proj[2]       -0.005    0.013    -0.029    -0.012    -0.005     0.005     0.020 1.009   120
r.proj[3]       -0.013    0.012    -0.039    -0.021    -0.012    -0.005     0.011 1.008   200
r.proj[4]       -0.018    0.023    -0.055    -0.034    -0.019    -0.003     0.027 1.127    22
r.proj[5]       -0.008    0.015    -0.038    -0.017    -0.008     0.003     0.023 1.014    92
r.proj[6]       -0.075    0.013    -0.100    -0.083    -0.074    -0.066    -0.052 1.022   120
r.proj[7]       -0.019    0.015    -0.052    -0.029    -0.018    -0.010     0.011 1.053    44
r.proj[8]       -0.075    0.013    -0.099    -0.084    -0.075    -0.066    -0.051 1.000   200
r.proj[9]       -0.032    0.011    -0.055    -0.038    -0.032    -0.024    -0.012 1.008   130
r.proj[10]       0.007    0.014    -0.021    -0.002     0.007     0.016     0.034 1.001   200
r.proj[11]      -0.015    0.021    -0.056    -0.029    -0.014    -0.002     0.026 0.997   200
r.proj[12]       0.052    0.010     0.035     0.044     0.051     0.059     0.071 1.039    55
r.proj[13]      -0.017    0.013    -0.039    -0.026    -0.018    -0.010     0.012 1.033    53
r.proj[14]      -0.300    0.045    -0.382    -0.331    -0.304    -0.269    -0.218 1.058    98
r.proj[15]      -0.021    0.041    -0.101    -0.052    -0.019     0.007     0.068 0.998   200
r.proj[16]       0.014    0.010    -0.005     0.008     0.015     0.022     0.034 1.002   200
r.tot[2]        -0.038    0.100    -0.235    -0.103    -0.034     0.027     0.134 1.032   200
r.tot[3]        -0.051    0.104    -0.259    -0.116    -0.053     0.015     0.154 1.028   200
r.tot[4]        -0.038    0.100    -0.219    -0.111    -0.041     0.030     0.169 1.035    45
r.tot[5]        -0.038    0.095    -0.232    -0.100    -0.044     0.017     0.164 1.002   200
r.tot[6]        -0.020    0.106    -0.216    -0.091    -0.023     0.055     0.162 1.009   200
r.tot[7]        -0.008    0.105    -0.235    -0.062    -0.005     0.056     0.195 1.013   200
r.tot[8]        -0.038    0.108    -0.253    -0.109    -0.028     0.033     0.163 1.004   180
r.tot[9]        -0.012    0.094    -0.198    -0.073    -0.006     0.045     0.164 1.045   140
r.tot[10]       -0.032    0.088    -0.230    -0.083    -0.031     0.023     0.135 1.005   200
r.tot[11]       -0.020    0.101    -0.208    -0.091    -0.019     0.040     0.188 1.045   200
r.tot[12]       -0.008    0.115    -0.226    -0.076    -0.009     0.066     0.203 1.068    28
r.tot[13]        0.029    0.111    -0.188    -0.036     0.026     0.088     0.271 1.058   200
r.tot[14]        0.023    0.106    -0.178    -0.043     0.026     0.100     0.231 1.010   200
r.tot[15]        0.018    0.112    -0.217    -0.050     0.017     0.093     0.224 1.051   110
r.tot[16]        0.012    0.102    -0.183    -0.060     0.012     0.079     0.223 1.022   200
r.tot[17]        0.018    0.101    -0.168    -0.046     0.021     0.079     0.227 1.054   150
r.tot[18]       -0.003    0.099    -0.173    -0.084     0.001     0.076     0.178 0.997   200
r.tot[19]        0.018    0.071    -0.119    -0.025     0.011     0.067     0.146 0.999   200
r.tot[20]       -0.005    0.070    -0.143    -0.057    -0.001     0.045     0.113 1.005   200
r.tot[21]       -0.003    0.079    -0.157    -0.050    -0.008     0.045     0.159 1.041    51
r.tot[22]       -0.027    0.076    -0.195    -0.079    -0.023     0.021     0.100 0.996   200
r.tot[23]       -0.049    0.071    -0.195    -0.091    -0.049     0.000     0.089 1.005   200
r.tot[24]       -0.044    0.079    -0.183    -0.097    -0.050     0.012     0.107 1.009   180
r.tot[25]       -0.031    0.076    -0.172    -0.083    -0.027     0.015     0.123 1.014   200
r.tot[26]       -0.040    0.082    -0.193    -0.093    -0.033     0.010     0.124 1.034    73
r.tot[27]       -0.026    0.077    -0.169    -0.072    -0.024     0.021     0.119 1.019   120
r.tot[28]       -0.032    0.079    -0.189    -0.086    -0.035     0.021     0.115 1.028    78
r.tot[29]       -0.081    0.078    -0.236    -0.126    -0.084    -0.041     0.096 1.024    58
r.tot[30]        0.040    0.074    -0.101    -0.014     0.037     0.093     0.175 1.028    55
r.tot[31]        0.016    0.071    -0.104    -0.034     0.009     0.064     0.172 1.017   190
r.tot[32]       -0.011    0.078    -0.152    -0.062    -0.012     0.036     0.158 1.003   200
r.tot[33]        0.037    0.092    -0.105    -0.034     0.033     0.087     0.240 1.056    56
r.tot[34]        0.045    0.085    -0.109    -0.012     0.052     0.097     0.206 1.000   200
r.tot[35]        0.013    0.084    -0.126    -0.044     0.005     0.065     0.176 0.998   200
r.tot[36]        0.047    0.094    -0.124    -0.009     0.039     0.107     0.252 1.038   200
r.tot[37]        0.006    0.087    -0.164    -0.044     0.011     0.062     0.182 1.012   200
r.tot[38]        0.003    0.100    -0.170    -0.073     0.001     0.069     0.203 1.020    69
r.tot[39]        0.004    0.110    -0.186    -0.067    -0.005     0.069     0.250 1.072    27
r.tot[40]        0.007    0.012    -0.006     0.001     0.005     0.009     0.049 1.022   200
sigma            0.237    0.029     0.185     0.216     0.245     0.264     0.273 4.251     2
deviance      -185.070   79.788  -326.286  -244.337  -184.728  -128.615   -48.474 2.513     3

For each parameter, n.eff is a crude measure of effective sample size,
and Rhat is the potential scale reduction factor (at convergence, Rhat=1).

DIC info (using the rule, pD = var(deviance)/2)
pD = 1668.1 and DIC = 1483.1
DIC is an estimate of expected predictive error (lower deviance is better).

><>><>><>><>><>><>><>><>><>><>><>><>><>><>
><> Input Chin_penguin census <><
><>><>><>><>><>><>><>><>><>><>><>><>><>><>

                 Settings      
assessment       "Chin_penguin"
abundance        "census"      
generation.time  "9.9"         
K.penalty        "FALSE"       
index.se         "FALSE"       
sigma.obs.est    "TRUE"        
sigma.obs.add    "0.1"         
sigma.proc.fixed "FALSE"       
prjr.type        "all"         
proj.stoch       "FALSE"       
start.year       "1979"        
-----------------------------------------------------

><> Run  Chin_penguin completed in 0 min and 13 sec <><
