-----------------------------------------------------

><> Run  Chin_penguin completed in 0 min and 53 sec <><
-----------------------------------------------------

><>><>><>><>><>><>><>><>><>><>><>><>><>><>
><> Input Chin_penguin census <><
><>><>><>><>><>><>><>><>><>><>><>><>><>><>

$assessment
[1] Chin_penguin
7 Levels: Afr_penguin BSH_SAtl Cape_gannet ... StripedMarlin.IOTC

$abundance
[1] census
Levels: census relative

$generation.time
[1] 9.9

$K.penalty
[1] FALSE

$sigma.obs.est
[1] TRUE

$sigma.obs.add
[1] 0.1

$sigma.proc.fixed
[1] FALSE

$prjr.type
[1] all
Levels: all

$proj.stoch
[1] FALSE

$start.year
[1] 1979

$end.year
[1] 2017


><>><>><>><>><>><>><>><>><>><>><>><>><>><>
><> Parameter Estimates Chin_penguin census <><
><>><>><>><>><>><>><>><>><>><>><>><>><>><>

          Median    LCI    UCI Geweke.p Heidelberger.p
mean.r.1   0.078  0.002  0.159    0.937          0.297
mean.r.2   0.021 -0.056  0.104    0.761          0.710
mean.r.3   0.011 -0.066  0.097    0.635          0.945
mean.r.4   0.007 -0.080  0.100    0.223          0.079
mean.r.5   0.020 -0.059  0.105    0.317          0.172
mean.r.6  -0.048 -0.123  0.036    0.631          0.457
mean.r.7   0.008 -0.070  0.093    0.939          0.582
mean.r.8  -0.048 -0.125  0.035    0.225          0.357
mean.r.9  -0.006 -0.081  0.076    0.037          0.194
mean.r.10  0.032 -0.043  0.116    0.645          0.081
mean.r.11  0.009 -0.074  0.097    0.958          0.987
mean.r.12  0.081  0.005  0.163    0.738          0.196
mean.r.13  0.008 -0.070  0.088    0.563          0.788
mean.r.14 -0.276 -0.389 -0.159    0.905          0.904
mean.r.15  0.003 -0.109  0.118    0.540          0.360
mean.r.16  0.040 -0.033  0.123    0.965          0.826
sigma      0.229  0.172  0.282    0.095          0.329

><>><>><>><>><>><>><>><>><>><>><>><>><>><>
><> JAGS output Chin_penguin census <><
><>><>><>><>><>><>><>><>><>><>><>><>><>><>

Inference for Bugs model at "C:/Work/Research/Github/JARA//Chin_penguin/output1/jara.jags", fit using jags,
 2 chains, each with 6000 iterations (first 1000 discarded)
 n.sims = 10000 iterations saved
               mu.vect   sd.vect      2.5%       25%
N.est[1,1]       2.817     1.171     1.200     1.992
N.est[2,1]       2.883     1.206     1.200     2.037
N.est[3,1]       2.940     1.201     1.270     2.102
N.est[4,1]       2.977     1.137     1.351     2.178
N.est[5,1]       2.999     1.009     1.513     2.283
N.est[6,1]       3.019     0.817     1.728     2.443
N.est[7,1]       3.022     0.481     2.185     2.693
N.est[8,1]       3.123     0.790     1.848     2.576
N.est[9,1]       3.205     0.927     1.771     2.554
N.est[10,1]      3.257     0.943     1.772     2.587
N.est[11,1]      3.280     0.831     1.947     2.684
N.est[12,1]      3.268     0.533     2.368     2.904
N.est[13,1]      3.847     1.041     2.215     3.104
N.est[14,1]      4.518     1.508     2.242     3.447
N.est[15,1]      5.266     1.955     2.387     3.875
N.est[16,1]      6.118     2.394     2.670     4.449
N.est[17,1]      7.067     2.843     3.042     5.085
N.est[18,1]      8.118     3.155     3.589     5.884
N.est[19,1]      9.300     3.436     4.289     6.877
N.est[20,1]     10.539     3.438     5.400     8.112
N.est[21,1]     11.864     3.090     6.909     9.668
N.est[22,1]     13.299     1.899    10.058    11.975
N.est[23,1]     18.770     2.935    13.416    16.699
N.est[24,1]     16.388     3.927    10.173    13.560
N.est[25,1]     14.200     3.671     8.380    11.584
N.est[26,1]     12.158     2.868     7.460    10.109
N.est[27,1]     10.369     1.599     7.680     9.242
N.est[28,1]     11.439     2.290     7.500     9.827
N.est[29,1]     12.369     1.699     9.523    11.162
N.est[30,1]     16.339     2.089    12.645    14.914
N.est[31,1]     19.650     2.497    15.100    17.914
N.est[32,1]     22.874     3.093    17.279    20.713
N.est[33,1]     22.374     4.399    15.171    19.245
N.est[34,1]     21.596     2.855    16.460    19.607
N.est[35,1]     19.949     2.516    15.484    18.179
N.est[36,1]     22.399     2.993    17.016    20.269
N.est[37,1]     20.047     3.869    13.554    17.281
N.est[38,1]     17.600     2.417    13.407    15.900
N.est[39,1]     18.379     2.682    13.787    16.494
N.est[40,1]     19.357     2.914    14.393    17.318
N.est[1,2]     393.655   148.704   178.797   287.902
N.est[2,2]     395.306   143.626   185.203   294.817
N.est[3,2]     394.034   127.485   201.453   301.544
N.est[4,2]     391.628   102.135   227.787   318.711
N.est[5,2]     386.293    62.223   285.015   341.750
N.est[6,2]     486.645   111.032   304.700   407.129
N.est[7,2]     606.433   139.618   377.798   506.503
N.est[8,2]     744.104   119.216   524.740   662.321
N.est[9,2]     714.514   184.897   422.058   583.489
N.est[10,2]    679.525   208.261   367.300   532.150
N.est[11,2]    643.081   205.965   334.886   498.415
N.est[12,2]    603.690   184.815   323.415   473.439
N.est[13,2]    560.901   142.870   332.210   457.484
N.est[14,2]    518.121    75.437   380.106   465.805
N.est[15,2]    478.029    94.371   321.126   412.137
N.est[16,2]    434.802    56.644   332.449   395.879
N.est[17,2]    419.150    52.675   325.928   382.768
N.est[18,2]    376.646    47.635   292.993   343.218
N.est[19,2]    402.879    50.132   313.411   367.128
N.est[20,2]    384.518    47.943   300.340   351.207
N.est[21,2]    394.528    52.562   298.942   358.284
N.est[22,2]    358.136    71.067   239.115   308.092
N.est[23,2]    318.464    43.539   239.329   287.856
N.est[24,2]    181.054    32.630   128.015   156.750
N.est[25,2]    282.968    38.181   212.595   256.562
N.est[26,2]    306.384    60.747   205.379   263.221
N.est[27,2]    325.254    45.381   243.301   293.887
N.est[28,2]    301.834    59.317   202.525   260.230
N.est[29,2]    273.126    36.616   209.158   247.786
N.est[30,2]    293.264    36.991   226.610   267.612
N.est[31,2]    296.741    37.329   229.579   270.681
N.est[32,2]    273.042    35.850   209.893   248.547
N.est[33,2]    291.774    57.159   194.770   252.139
N.est[34,2]    304.545    39.752   233.198   277.535
N.est[35,2]    302.951    38.209   235.067   277.026
N.est[36,2]    316.786    40.132   245.890   289.324
N.est[37,2]    333.604    42.737   256.514   304.186
N.est[38,2]    311.413    44.792   232.351   280.743
N.est[39,2]    318.740    90.125   178.359   255.418
N.est[40,2]    317.919    92.628   175.040   253.113
N.est[1,3]     354.501   133.022   162.470   259.661
N.est[2,3]     355.252   129.153   166.723   262.204
N.est[3,3]     353.113   115.367   177.000   271.200
N.est[4,3]     350.499    92.670   201.749   283.960
N.est[5,3]     343.416    55.410   252.723   304.769
N.est[6,3]     439.565    99.773   275.502   369.114
N.est[7,3]     553.157   124.889   349.010   465.365
N.est[8,3]     688.289   104.939   497.292   614.685
N.est[9,3]     649.905   134.175   428.546   554.794
N.est[10,3]    601.986    88.013   445.417   541.229
N.est[11,3]    571.397   134.428   352.533   475.640
N.est[12,3]    537.429   140.756   313.952   439.593
N.est[13,3]    499.692   118.875   306.546   414.754
N.est[14,3]    458.335    66.599   343.844   412.729
N.est[15,3]    444.061    90.667   291.777   379.695
N.est[16,3]    419.986    58.288   317.264   378.689
N.est[17,3]    409.328    79.661   273.456   352.529
N.est[18,3]    390.110    50.541   300.619   354.708
N.est[19,3]    384.187    48.586   298.650   350.193
N.est[20,3]    347.358    46.407   265.609   315.495
N.est[21,3]    351.665    69.514   234.325   302.509
N.est[22,3]    347.840    49.341   257.634   313.503
N.est[23,3]    331.091    77.655   205.685   276.405
N.est[24,3]    313.402    80.698   184.743   256.539
N.est[25,3]    292.535    68.408   180.458   244.592
N.est[26,3]    271.132    36.860   206.119   245.496
N.est[27,3]    254.552    32.139   197.604   232.493
N.est[28,3]    251.066    31.491   195.106   229.079
N.est[29,3]    229.416    28.902   177.757   209.356
N.est[30,3]    239.594    30.204   185.034   218.465
N.est[31,3]    217.430    27.254   167.561   198.645
N.est[32,3]    169.826    23.032   131.270   153.181
N.est[33,3]    192.208    24.230   149.266   175.305
N.est[34,3]    212.224    26.367   165.378   194.034
N.est[35,3]    223.751    27.782   173.354   204.692
N.est[36,3]    224.770    28.700   172.775   205.027
N.est[37,3]    209.276    26.864   161.293   190.654
N.est[38,3]    196.216    28.365   146.864   176.734
N.est[39,3]    198.718    55.514   109.407   159.049
N.est[40,3]    196.285    56.464   106.041   155.855
N.est[1,4]    8387.768  4278.889  2912.713  5433.906
N.est[2,4]    8451.024  4549.728  2737.066  5313.268
N.est[3,4]    8529.877  4878.165  2604.922  5188.653
N.est[4,4]    8591.713  5075.230  2563.155  5140.766
N.est[5,4]    8642.872  5177.518  2486.521  5109.441
N.est[6,4]    8663.246  5286.473  2460.949  5061.357
N.est[7,4]    8641.177  5254.733  2407.321  5109.129
N.est[8,4]    8587.270  5201.871  2425.524  5083.470
N.est[9,4]    8501.497  5080.409  2418.114  5058.866
N.est[10,4]   8425.327  4905.809  2474.352  5101.164
N.est[11,4]   8300.338  4696.149  2557.398  5107.707
N.est[12,4]   8191.865  4383.223  2621.996  5196.670
N.est[13,4]   8071.984  4110.074  2740.895  5232.075
N.est[14,4]   7932.888  3738.623  3007.812  5383.174
N.est[15,4]   7790.042  3246.850  3288.268  5538.609
N.est[16,4]   7590.915  2688.917  3625.868  5677.895
N.est[17,4]   7360.541  1973.407  4236.672  5953.611
N.est[18,4]   7159.251  1012.545  5395.407  6452.881
N.est[19,4]   7514.109   935.030  5821.843  6860.624
N.est[20,4]   7583.814   937.572  5931.534  6934.412
N.est[21,4]   7581.781   958.039  5850.749  6915.726
N.est[22,4]   7155.530   890.701  5551.079  6537.334
N.est[23,4]   6595.862   818.139  5120.994  6026.811
N.est[24,4]   5999.092   753.541  4681.071  5469.759
N.est[25,4]   5587.565   691.425  4348.711  5110.099
N.est[26,4]   5058.342   632.994  3928.863  4615.541
N.est[27,4]   4795.180   602.679  3739.886  4367.940
N.est[28,4]   4365.789   549.957  3393.451  3984.062
N.est[29,4]   3575.970   466.257  2772.964  3247.853
N.est[30,4]   3970.002   494.346  3080.244  3625.958
N.est[31,4]   4216.491   533.847  3255.269  3843.533
N.est[32,4]   4154.622   592.330  3095.472  3749.863
N.est[33,4]   4203.540  1184.328  2365.327  3368.524
N.est[34,4]   4243.256  1632.016  1945.917  3084.294
N.est[35,4]   4298.874  2056.288  1608.356  2874.163
N.est[36,4]   4367.848  2440.575  1365.553  2706.415
N.est[37,4]   4467.039  2905.313  1166.459  2559.966
N.est[38,4]   4587.843  3484.998  1008.927  2411.462
N.est[39,4]   4677.690  3943.157   863.030  2243.673
N.est[40,4]   4661.032  4090.271   813.512  2175.450
N.est[1,5]    2728.948  1197.128  1116.687  1884.547
N.est[2,5]    2726.373  1216.169  1082.929  1871.610
N.est[3,5]    2717.455  1213.929  1077.628  1871.608
N.est[4,5]    2694.093  1183.202  1093.776  1864.921
N.est[5,5]    2660.027  1113.107  1113.239  1868.653
N.est[6,5]    2615.889  1023.353  1159.999  1890.171
N.est[7,5]    2565.765   874.864  1253.984  1955.202
N.est[8,5]    2509.978   680.408  1445.081  2025.607
N.est[9,5]    2431.331   373.640  1754.077  2175.920
N.est[10,5]   2287.601   521.738  1420.272  1914.858
N.est[11,5]   2117.945   487.601  1303.378  1772.961
N.est[12,5]   1936.103   306.537  1424.265  1720.331
N.est[13,5]   2145.781   543.981  1275.668  1757.470
N.est[14,5]   2372.240   713.288  1276.419  1870.633
N.est[15,5]   2589.258   813.527  1359.222  2016.091
N.est[16,5]   2804.466   853.243  1515.304  2198.915
N.est[17,5]   3028.357   778.799  1794.084  2487.553
N.est[18,5]   3225.878   472.834  2378.504  2902.940
N.est[19,5]   3264.444   669.228  2157.496  2789.554
N.est[20,5]   3236.803   487.235  2363.967  2903.097
N.est[21,5]   3113.887   819.491  1812.904  2532.442
N.est[22,5]   2965.537   953.353  1531.166  2278.587
N.est[23,5]   2825.248  1021.541  1362.815  2115.250
N.est[24,5]   2677.885  1002.603  1218.571  1975.187
N.est[25,5]   2530.668   951.205  1164.218  1862.798
N.est[26,5]   2375.969   861.424  1115.862  1782.650
N.est[27,5]   2206.736   710.925  1135.677  1708.120
N.est[28,5]   2036.320   528.240  1180.733  1666.576
N.est[29,5]   1873.286   267.574  1412.701  1690.028
N.est[30,5]   1992.888   265.798  1524.327  1805.772
N.est[31,5]   2048.335   397.945  1379.400  1769.775
N.est[32,5]   2061.330   270.097  1578.701  1876.718
N.est[33,5]   2113.801   265.456  1627.463  1929.954
N.est[34,5]   2061.508   257.920  1602.167  1882.760
N.est[35,5]   1926.520   243.096  1493.386  1759.019
N.est[36,5]   1973.696   246.552  1532.484  1802.713
N.est[37,5]   2061.416   262.159  1588.998  1881.537
N.est[38,5]   2005.457   283.944  1506.164  1805.868
N.est[39,5]   2054.888   587.165  1140.509  1639.818
N.est[40,5]   2047.001   602.915  1113.935  1617.672
N.est[1,6]     192.275    26.492   145.736   173.975
N.est[2,6]     203.478    27.573   152.550   184.631
N.est[3,6]     149.259    19.629   115.000   135.728
N.est[4,6]     122.229    24.035    82.042   105.033
N.est[5,6]      97.451    12.791    74.945    88.453
N.est[6,6]      89.154    11.740    67.573    81.061
N.est[7,6]      52.177     8.694    38.086    45.995
N.est[8,6]      52.543    13.944    29.877    42.674
N.est[9,6]      52.975    17.062    26.343    40.852
N.est[10,6]     53.028    19.054    24.199    39.598
N.est[11,6]     52.695    19.927    22.761    38.619
N.est[12,6]     52.225    19.595    23.283    38.482
N.est[13,6]     51.159    18.199    23.669    38.322
N.est[14,6]     50.210    16.049    25.407    38.789
N.est[15,6]     48.847    12.568    28.286    39.879
N.est[16,6]     47.393     6.656    35.826    42.701
N.est[17,6]     50.468     6.361    39.081    46.067
N.est[18,6]     57.009     7.826    42.838    51.503
N.est[19,6]     39.687     5.152    30.807    36.111
N.est[20,6]     39.903     4.999    30.773    36.529
N.est[21,6]     33.768     4.231    26.159    30.865
N.est[22,6]     27.682     3.512    21.573    25.234
N.est[23,6]     25.167     3.237    19.519    22.902
N.est[24,6]     29.474     3.951    22.163    26.720
N.est[25,6]     24.567     3.254    18.551    22.382
N.est[26,6]     14.714     1.972    11.343    13.329
N.est[27,6]     10.968     1.762     8.159     9.706
N.est[28,6]     11.536     3.042     6.636     9.383
N.est[29,6]     12.123     3.956     6.009     9.338
N.est[30,6]     12.688     4.579     5.915     9.437
N.est[31,6]     13.172     4.952     5.873     9.687
N.est[32,6]     13.572     5.142     6.143     9.939
N.est[33,6]     13.873     5.016     6.452    10.307
N.est[34,6]     14.094     4.683     7.106    10.818
N.est[35,6]     14.218     3.823     8.154    11.519
N.est[36,6]     14.348     2.401    10.052    12.704
N.est[37,6]     13.668     4.107     7.328    10.744
N.est[38,6]     13.026     5.200     5.671     9.362
N.est[39,6]     12.486     6.106     4.605     8.213
N.est[40,6]     11.657     5.873     4.174     7.553
N.est[1,7]    6054.466  1556.906  3592.263  4940.261
N.est[2,7]    5753.414   916.150  4049.410  5145.556
N.est[3,7]    4776.148  1172.333  2904.356  3936.368
N.est[4,7]    3938.544  1057.642  2284.405  3192.223
N.est[5,7]    3210.486   760.038  1986.743  2677.987
N.est[6,7]    2588.861   348.934  1969.819  2345.243
N.est[7,7]    2275.161   298.395  1732.941  2071.560
N.est[8,7]    1335.486   215.655   986.797  1182.247
N.est[9,7]    1338.400   311.122   824.341  1116.278
N.est[10,7]   1329.730   307.076   828.406  1110.648
N.est[11,7]   1296.311   203.363   956.978  1153.581
N.est[12,7]   1527.321   348.865   940.565  1282.251
N.est[13,7]   1772.288   396.944  1108.979  1493.519
N.est[14,7]   2024.978   291.036  1506.716  1822.620
N.est[15,7]   2380.079   479.845  1570.874  2040.469
N.est[16,7]   2741.660   409.691  1987.176  2460.875
N.est[17,7]   2857.716   732.921  1705.838  2336.175
N.est[18,7]   2955.684   897.671  1609.091  2317.574
N.est[19,7]   3023.153   954.372  1597.008  2360.294
N.est[20,7]   3076.213   916.615  1679.999  2427.380
N.est[21,7]   3096.662   771.823  1879.856  2555.917
N.est[22,7]   3085.027   432.575  2317.531  2787.959
N.est[23,7]   3038.055   417.989  2291.716  2750.182
N.est[24,7]   3062.335   746.865  1866.969  2539.103
N.est[25,7]   3072.441   879.140  1711.236  2455.715
N.est[26,7]   3051.187   858.930  1729.544  2448.804
N.est[27,7]   3009.763   735.216  1829.648  2486.528
N.est[28,7]   2922.893   401.550  2205.960  2646.701
N.est[29,7]   2785.528   353.767  2152.365  2542.195
N.est[30,7]   2684.431   332.221  2086.602  2457.216
N.est[31,7]   2656.904   337.341  2068.842  2424.112
N.est[32,7]   2742.470   343.254  2136.537  2500.998
N.est[33,7]   3078.947   382.249  2389.378  2817.180
N.est[34,7]   3235.395   410.205  2502.640  2947.764
N.est[35,7]   3183.370   450.695  2379.407  2871.475
N.est[36,7]   3204.565   908.466  1788.550  2558.567
N.est[37,7]   3243.134  1252.178  1452.820  2365.697
N.est[38,7]   3271.044  1541.778  1221.301  2194.175
N.est[39,7]   3319.636  1848.654  1047.657  2060.428
N.est[40,7]   3282.834  1885.545   997.052  2005.334
N.est[1,8]      37.808    17.138    14.631    25.493
N.est[2,8]      36.915    17.537    13.537    24.651
N.est[3,8]      35.999    17.385    12.850    23.765
N.est[4,8]      34.884    16.872    12.589    23.109
N.est[5,8]      33.644    16.140    12.710    22.528
N.est[6,8]      32.361    14.924    12.570    22.125
N.est[7,8]      31.096    13.679    12.671    21.599
N.est[8,8]      29.791    11.957    12.876    21.440
N.est[9,8]      28.388     9.856    13.739    21.410
N.est[10,8]     27.018     7.564    15.508    21.594
N.est[11,8]     25.582     4.193    17.855    22.670
N.est[12,8]     20.942     5.327    12.338    17.184
N.est[13,8]     17.025     4.940     9.384    13.506
N.est[14,8]     13.783     3.932     7.638    10.974
N.est[15,8]     10.990     2.701     6.615     9.097
N.est[16,8]      8.683     1.345     6.391     7.753
N.est[17,8]      8.118     1.825     5.101     6.829
N.est[18,8]      7.476     1.689     4.738     6.292
N.est[19,8]      6.811     0.968     5.037     6.139
N.est[20,8]      4.497     0.640     3.416     4.050
N.est[21,8]      3.736     0.935     2.204     3.080
N.est[22,8]      3.080     0.914     1.625     2.438
N.est[23,8]      2.518     0.785     1.264     1.966
N.est[24,8]      2.036     0.613     1.057     1.602
N.est[25,8]      1.639     0.440     0.926     1.325
N.est[26,8]      1.309     0.258     0.927     1.125
N.est[27,8]      1.673     0.416     0.984     1.378
N.est[28,8]      2.113     0.558     1.215     1.725
N.est[29,8]      2.661     0.626     1.653     2.218
N.est[30,8]      3.317     0.510     2.382     2.959
N.est[31,8]      2.887     0.585     1.910     2.478
N.est[32,8]      2.471     0.375     1.850     2.208
N.est[33,8]      3.173     0.629     2.127     2.722
N.est[34,8]      3.997     0.581     2.928     3.590
N.est[35,8]      3.223     0.403     2.506     2.942
N.est[36,8]      3.008     0.374     2.342     2.747
N.est[37,8]      2.796     0.361     2.137     2.544
N.est[38,8]      2.205     0.328     1.654     1.979
N.est[39,8]      2.103     0.598     1.159     1.681
N.est[40,8]      1.956     0.573     1.059     1.552
N.est[1,9]    3350.206  1186.218  1621.748  2520.639
N.est[2,9]    3243.910  1047.195  1645.083  2513.386
N.est[3,9]    3122.894   830.316  1833.126  2534.800
N.est[4,9]    2997.481   479.425  2151.254  2669.719
N.est[5,9]    2923.841   794.927  1672.666  2371.820
N.est[6,9]    2848.442   949.271  1435.932  2177.821
N.est[7,9]    2759.743  1033.863  1308.250  2034.101
N.est[8,9]    2662.833  1054.296  1182.549  1923.511
N.est[9,9]    2556.327  1029.733  1098.559  1831.739
N.est[10,9]   2447.335   992.573  1085.923  1743.001
N.est[11,9]   2323.987   882.591  1078.766  1710.753
N.est[12,9]   2194.176   742.795  1103.989  1677.167
N.est[13,9]   2055.356   552.300  1192.075  1658.365
N.est[14,9]   1917.979   308.715  1363.404  1705.056
N.est[15,9]   1851.463   511.054  1050.263  1495.107
N.est[16,9]   1778.917   616.082   868.711  1346.133
N.est[17,9]   1708.377   683.283   745.473  1234.881
N.est[18,9]   1638.906   722.984   671.484  1131.887
N.est[19,9]   1562.581   733.187   605.554  1047.417
N.est[20,9]   1482.571   728.791   543.226   981.517
N.est[21,9]   1403.255   695.137   509.007   931.886
N.est[22,9]   1315.665   642.882   474.509   875.774
N.est[23,9]   1238.298   588.772   460.335   833.004
N.est[24,9]   1162.407   532.200   439.567   795.047
N.est[25,9]   1089.086   472.539   444.063   760.950
N.est[26,9]   1017.169   405.634   443.470   727.572
N.est[27,9]    943.373   325.840   460.095   712.211
N.est[28,9]    872.952   233.781   499.706   705.613
N.est[29,9]    804.287   120.486   593.661   720.014
N.est[30,9]    737.374   147.491   489.467   633.013
N.est[31,9]    663.051    86.466   505.797   603.590
N.est[32,9]    522.999    70.870   403.731   473.556
N.est[33,9]    536.019    69.819   416.481   486.174
N.est[34,9]    605.357    77.750   469.771   551.658
N.est[35,9]    737.991    93.223   575.042   672.766
N.est[36,9]    970.396   124.923   742.244   883.145
N.est[37,9]    995.191   126.476   765.092   907.138
N.est[38,9]    980.448   142.121   726.268   882.841
N.est[39,9]    977.233   278.680   544.162   779.849
N.est[40,9]    948.621   278.422   519.613   752.098
N.est[1,10]    787.727   397.648   273.599   512.200
N.est[2,10]    800.321   434.833   255.014   497.472
N.est[3,10]    811.856   464.640   244.957   494.988
N.est[4,10]    821.689   496.817   236.466   487.757
N.est[5,10]    830.625   529.088   225.742   484.851
N.est[6,10]    836.899   541.828   220.323   479.719
N.est[7,10]    840.894   554.683   224.914   473.765
N.est[8,10]    840.472   552.186   220.001   473.294
N.est[9,10]    847.054   558.211   220.933   478.023
N.est[10,10]   848.556   561.250   226.253   476.813
N.est[11,10]   845.841   542.245   228.725   487.812
N.est[12,10]   841.437   535.431   230.145   484.414
N.est[13,10]   834.119   517.073   240.511   490.547
N.est[14,10]   824.120   484.040   246.086   496.087
N.est[15,10]   815.519   452.450   257.093   506.310
N.est[16,10]   804.560   416.309   279.233   515.922
N.est[17,10]   790.844   371.148   300.617   530.549
N.est[18,10]   774.009   324.072   328.709   546.813
N.est[19,10]   758.868   272.581   361.444   566.091
N.est[20,10]   740.349   209.137   416.339   592.539
N.est[21,10]   722.083   115.393   519.549   643.465
N.est[22,10]   724.836   185.624   426.984   596.348
N.est[23,10]   719.265   216.629   387.748   566.050
N.est[24,10]   704.602   220.362   369.939   547.431
N.est[25,10]   689.314   206.249   369.482   544.653
N.est[26,10]   670.091   170.171   401.052   549.355
N.est[27,10]   645.127    92.546   488.927   579.717
N.est[28,10]   795.163   114.428   584.904   717.028
N.est[29,10]   765.987   185.794   472.525   634.065
N.est[30,10]   732.467   205.976   410.294   588.274
N.est[31,10]   696.299   196.420   388.941   560.236
N.est[32,10]   651.772   157.380   398.334   540.229
N.est[33,10]   606.565    85.307   462.271   546.095
N.est[34,10]   677.537    85.004   525.746   618.381
N.est[35,10]   708.954    88.550   550.540   648.146
N.est[36,10]   699.427    91.817   539.039   635.900
N.est[37,10]   806.154   157.839   544.278   695.100
N.est[38,10]   911.475   123.924   684.343   826.189
N.est[39,10]   879.388   126.577   657.680   790.925
N.est[40,10]   884.967   131.555   655.400   793.749
N.est[1,11]   1234.742   613.714   446.875   806.549
N.est[2,11]   1252.231   661.088   420.433   795.109
N.est[3,11]   1263.993   695.823   414.955   793.359
N.est[4,11]   1267.045   704.944   395.964   780.526
N.est[5,11]   1269.293   711.213   393.536   776.016
N.est[6,11]   1267.345   714.634   385.970   776.302
N.est[7,11]   1260.596   715.559   389.417   771.119
N.est[8,11]   1253.426   699.953   389.023   776.863
N.est[9,11]   1241.851   668.425   399.452   781.853
N.est[10,11]  1228.470   631.986   413.899   792.531
N.est[11,11]  1213.606   598.669   431.073   799.182
N.est[12,11]  1194.629   542.403   466.770   820.678
N.est[13,11]  1177.487   486.754   503.623   838.479
N.est[14,11]  1151.036   401.552   564.327   868.110
N.est[15,11]  1129.295   303.688   652.997   912.352
N.est[16,11]  1099.068   156.495   828.130   990.782
N.est[17,11]  1208.528   154.848   924.924  1101.490
N.est[18,11]  1168.299   147.665   902.827  1066.150
N.est[19,11]  1138.740   150.033   870.999  1035.926
N.est[20,11]  1111.176   220.538   740.962   956.778
N.est[21,11]  1059.331   153.750   778.178   952.214
N.est[22,11]  1014.721   246.713   609.545   840.771
N.est[23,11]   963.172   269.336   532.917   773.973
N.est[24,11]   906.013   256.820   505.071   725.320
N.est[25,11]   844.275   210.034   504.668   696.438
N.est[26,11]   777.677   121.366   566.092   695.524
N.est[27,11]   763.125   193.784   454.053   623.821
N.est[28,11]   739.466   218.554   396.638   582.051
N.est[29,11]   716.046   223.693   370.136   555.903
N.est[30,11]   688.555   206.503   373.485   542.800
N.est[31,11]   653.102   163.858   387.825   536.691
N.est[32,11]   617.418    93.571   457.070   553.178
N.est[33,11]   634.064   145.239   396.368   530.800
N.est[34,11]   644.119   148.299   401.613   538.304
N.est[35,11]   644.200   100.760   465.195   575.408
N.est[36,11]   652.766   189.710   353.365   516.894
N.est[37,11]   663.100   259.636   290.112   477.236
N.est[38,11]   673.009   327.157   241.997   447.114
N.est[39,11]   683.153   393.680   206.550   422.769
N.est[40,11]   677.680   404.140   197.460   411.774
N.est[1,12]    479.598   178.546   219.463   353.446
N.est[2,12]    493.346   176.925   236.094   368.879
N.est[3,12]    504.242   164.195   253.651   386.938
N.est[4,12]    513.879   138.099   293.251   415.409
N.est[5,12]    519.077    85.080   372.356   461.038
N.est[6,12]    573.109   158.198   326.899   459.398
N.est[7,12]    633.533   221.675   306.661   478.989
N.est[8,12]    696.390   278.475   308.103   500.003
N.est[9,12]    762.398   329.249   311.497   530.716
N.est[10,12]   833.571   381.607   319.210   569.154
N.est[11,12]   905.012   424.886   334.185   612.454
N.est[12,12]   980.774   471.068   358.922   654.417
N.est[13,12]  1055.900   501.671   386.878   707.137
N.est[14,12]  1133.858   515.208   436.474   779.922
N.est[15,12]  1215.982   526.506   490.603   848.721
N.est[16,12]  1297.512   522.626   561.888   934.209
N.est[17,12]  1380.631   487.882   676.948  1035.375
N.est[18,12]  1459.545   406.140   826.579  1173.013
N.est[19,12]  1545.985   254.603  1094.493  1369.851
N.est[20,12]  1665.077   462.021   938.106  1334.682
N.est[21,12]  1767.304   608.065   866.569  1338.281
N.est[22,12]  1879.317   731.247   862.301  1361.915
N.est[23,12]  1991.459   835.221   852.017  1408.739
N.est[24,12]  2101.549   939.789   840.857  1445.265
N.est[25,12]  2211.243  1018.718   862.918  1513.884
N.est[26,12]  2322.280  1063.203   908.925  1590.350
N.est[27,12]  2429.386  1088.450   951.117  1675.089
N.est[28,12]  2522.461  1077.734  1052.983  1767.387
N.est[29,12]  2612.348  1028.147  1170.797  1901.745
N.est[30,12]  2690.294   923.397  1334.384  2040.303
N.est[31,12]  2751.001   738.673  1568.900  2218.349
N.est[32,12]  2807.280   418.971  2064.919  2518.495
N.est[33,12]  2996.985   597.743  2002.971  2577.525
N.est[34,12]  3151.493   417.696  2411.149  2868.832
N.est[35,12]  3290.959   412.918  2549.984  3003.820
N.est[36,12]  3672.193   461.013  2826.484  3356.139
N.est[37,12]  3663.507   459.140  2830.556  3344.045
N.est[38,12]  3609.736   462.696  2801.854  3288.768
N.est[39,12]  3566.931   513.869  2675.822  3206.677
N.est[40,12]  3768.118   559.419  2806.853  3373.642
N.est[1,13]    162.611    84.052    55.764   103.574
N.est[2,13]    165.086    92.450    51.787   101.272
N.est[3,13]    167.132    99.165    48.351    98.945
N.est[4,13]    168.907   106.119    46.523    96.957
N.est[5,13]    171.215   111.497    43.530    95.941
N.est[6,13]    173.265   120.232    42.043    94.595
N.est[7,13]    175.060   129.211    42.420    93.402
N.est[8,13]    176.094   132.135    40.756    92.219
N.est[9,13]    178.041   139.246    39.622    92.194
N.est[10,13]   178.772   141.153    38.548    91.938
N.est[11,13]   178.126   136.980    38.210    92.003
N.est[12,13]   178.243   141.238    37.621    91.194
N.est[13,13]   178.094   139.821    37.134    91.243
N.est[14,13]   177.256   137.897    36.801    90.767
N.est[15,13]   175.958   132.639    38.000    90.979
N.est[16,13]   174.135   129.587    37.400    90.959
N.est[17,13]   172.118   124.846    38.604    90.386
N.est[18,13]   170.244   121.303    39.050    90.102
N.est[19,13]   168.024   117.060    40.921    91.340
N.est[20,13]   166.218   110.396    41.806    93.088
N.est[21,13]   164.259   105.122    43.773    94.004
N.est[22,13]   161.421    98.441    46.215    95.130
N.est[23,13]   158.408    92.207    49.478    97.298
N.est[24,13]   155.306    83.549    52.838    99.324
N.est[25,13]   152.355    74.634    56.529   102.112
N.est[26,13]   148.713    63.695    61.190   104.972
N.est[27,13]   145.377    52.388    68.134   108.667
N.est[28,13]   141.258    38.977    80.314   113.401
N.est[29,13]   137.694    20.874   102.001   123.049
N.est[30,13]   143.991    28.938    95.539   123.373
N.est[31,13]   148.160    20.671   112.460   133.709
N.est[32,13]   159.212    31.036   106.861   137.202
N.est[33,13]   167.115    22.211   127.477   151.541
N.est[34,13]   146.353    18.125   113.764   133.988
N.est[35,13]   130.476    16.938   101.480   118.498
N.est[36,13]   166.396    24.046   122.451   149.545
N.est[37,13]   119.021    14.872    92.167   108.661
N.est[38,13]    86.710    11.247    67.002    78.995
N.est[39,13]    70.790    10.867    52.798    63.194
N.est[40,13]    69.509    11.042    51.225    61.795
N.est[1,14]    355.877    52.717   267.136   319.434
N.est[2,14]    331.228    42.620   254.928   301.817
N.est[3,14]    271.037    35.531   209.780   246.175
N.est[4,14]    276.261    36.522   210.368   250.833
N.est[5,14]    269.938    52.475   182.005   233.185
N.est[6,14]    259.050    34.013   197.129   235.446
N.est[7,14]    250.971    33.517   187.814   228.080
N.est[8,14]    193.724    26.934   144.234   175.062
N.est[9,14]    118.713    22.921    79.817   102.556
N.est[10,14]    71.894    10.037    54.925    64.740
N.est[11,14]    65.877     8.869    49.725    59.623
N.est[12,14]    39.587     5.181    30.317    36.012
N.est[13,14]    27.526     5.425    18.551    23.708
N.est[14,14]    18.789     2.717    13.768    16.906
N.est[15,14]     9.448     1.852     6.339     8.160
N.est[16,14]     4.691     0.671     3.554     4.225
N.est[17,14]     3.098     0.407     2.384     2.817
N.est[18,14]     2.123     0.314     1.588     1.901
N.est[19,14]     1.626     0.469     0.894     1.296
N.est[20,14]     1.240     0.492     0.543     0.892
N.est[21,14]     0.947     0.476     0.339     0.619
N.est[22,14]     0.730     0.442     0.214     0.436
N.est[23,14]     0.562     0.398     0.139     0.304
N.est[24,14]     0.434     0.349     0.089     0.215
N.est[25,14]     0.336     0.298     0.057     0.152
N.est[26,14]     0.261     0.258     0.037     0.107
N.est[27,14]     0.205     0.230     0.024     0.077
N.est[28,14]     0.162     0.207     0.015     0.054
N.est[29,14]     0.128     0.185     0.010     0.038
N.est[30,14]     0.101     0.155     0.006     0.027
N.est[31,14]     0.080     0.141     0.004     0.019
N.est[32,14]     0.064     0.126     0.003     0.014
N.est[33,14]     0.051     0.109     0.002     0.010
N.est[34,14]     0.041     0.094     0.001     0.007
N.est[35,14]     0.033     0.084     0.001     0.005
N.est[36,14]     0.027     0.078     0.001     0.003
N.est[37,14]     0.021     0.068     0.000     0.002
N.est[38,14]     0.017     0.060     0.000     0.002
N.est[39,14]     0.014     0.058     0.000     0.001
N.est[40,14]     0.011     0.050     0.000     0.001
N.est[1,15]   2089.224   289.760  1547.709  1887.424
N.est[2,15]   1693.995   221.653  1313.293  1536.346
N.est[3,15]   1733.974   240.797  1312.968  1567.937
N.est[4,15]   1758.247   438.461  1049.694  1448.654
N.est[5,15]   1768.500   536.487   944.615  1394.698
N.est[6,15]   1774.652   586.612   887.536  1362.086
N.est[7,15]   1761.402   583.424   897.190  1346.956
N.est[8,15]   1735.719   534.588   912.555  1360.422
N.est[9,15]   1703.994   430.981  1003.322  1404.283
N.est[10,15]  1648.892   226.196  1248.383  1490.107
N.est[11,15]  1611.269   204.384  1245.273  1471.026
N.est[12,15]  1651.188   215.419  1264.162  1499.133
N.est[13,15]  1708.626   332.529  1149.724  1474.804
N.est[14,15]  1732.263   242.961  1297.504  1562.948
N.est[15,15]  1622.842   322.014  1078.539  1392.516
N.est[16,15]  1480.534   191.364  1136.065  1347.763
N.est[17,15]  1450.134   185.042  1110.698  1322.688
N.est[18,15]  1375.243   199.714  1024.553  1236.350
N.est[19,15]  1382.399   400.234   749.874  1102.698
N.est[20,15]  1388.892   548.024   610.096   999.458
N.est[21,15]  1411.697   696.846   510.172   926.625
N.est[22,15]  1436.675   857.715   426.932   857.451
N.est[23,15]  1463.399  1012.529   363.703   799.200
N.est[24,15]  1502.429  1200.486   304.676   745.164
N.est[25,15]  1542.646  1390.487   254.887   688.079
N.est[26,15]  1589.507  1630.711   213.417   648.907
N.est[27,15]  1639.994  1896.697   191.171   610.831
N.est[28,15]  1698.690  2126.583   162.930   566.467
N.est[29,15]  1764.877  2430.896   140.314   531.552
N.est[30,15]  1835.540  2735.231   120.332   492.168
N.est[31,15]  1917.373  3073.979   104.919   460.933
N.est[32,15]  2017.579  3646.890    90.209   427.186
N.est[33,15]  2125.409  4326.202    80.241   400.226
N.est[34,15]  2249.093  5096.572    68.275   376.254
N.est[35,15]  2369.641  5839.304    57.154   353.630
N.est[36,15]  2482.321  6447.797    49.893   333.020
N.est[37,15]  2630.974  7411.482    44.818   312.207
N.est[38,15]  2790.547  8083.175    38.083   287.973
N.est[39,15]  3028.535  9358.991    32.148   275.273
N.est[40,15]  3168.730 10383.658    28.722   260.958
N.est[1,16]    185.597    69.372    85.808   136.000
N.est[2,16]    186.412    67.135    88.717   138.485
N.est[3,16]    186.263    60.768    94.341   142.872
N.est[4,16]    184.445    49.290   107.076   149.242
N.est[5,16]    182.215    29.894   130.513   161.713
N.est[6,16]    187.866    53.026   106.524   150.331
N.est[7,16]    192.672    69.322    91.106   143.287
N.est[8,16]    198.425    85.341    82.191   138.262
N.est[9,16]    203.616    99.730    75.596   134.609
N.est[10,16]   208.352   112.391    71.115   132.547
N.est[11,16]   212.323   122.630    66.720   130.434
N.est[12,16]   215.795   130.474    62.997   129.385
N.est[13,16]   220.718   139.750    60.894   128.259
N.est[14,16]   224.101   147.257    60.010   127.578
N.est[15,16]   227.181   156.297    58.583   125.641
N.est[16,16]   230.161   163.504    58.238   126.976
N.est[17,16]   232.491   165.835    57.127   127.034
N.est[18,16]   234.297   167.596    55.686   126.788
N.est[19,16]   236.528   172.608    56.733   127.151
N.est[20,16]   238.530   175.315    56.816   127.471
N.est[21,16]   239.883   174.513    56.988   128.209
N.est[22,16]   240.306   172.841    56.893   130.729
N.est[23,16]   240.248   170.279    60.132   132.328
N.est[24,16]   239.685   163.848    60.865   134.380
N.est[25,16]   238.639   161.340    63.075   135.824
N.est[26,16]   237.078   151.290    66.230   136.679
N.est[27,16]   234.662   140.761    70.465   140.204
N.est[28,16]   233.438   132.916    74.170   144.239
N.est[29,16]   230.934   122.550    78.758   148.432
N.est[30,16]   228.323   109.722    84.172   153.878
N.est[31,16]   225.568    95.120    93.890   158.764
N.est[32,16]   221.792    79.210   105.641   166.280
N.est[33,16]   217.416    58.924   124.826   175.671
N.est[34,16]   213.729    31.489   160.508   191.820
N.est[35,16]   251.660    32.105   194.388   229.189
N.est[36,16]   280.081    34.998   217.539   255.819
N.est[37,16]   314.057    39.433   243.955   286.524
N.est[38,16]   334.364    43.055   254.425   304.585
N.est[39,16]   304.867    44.088   228.484   274.546
N.est[40,16]   309.521    46.150   229.528   277.350
Ntot[1]      26797.818  4871.755 19457.734 23400.852
Ntot[2]      26091.175  4966.197 19035.895 22648.188
Ntot[3]      25020.216  5302.792 17730.638 21373.398
Ntot[4]      24114.520  5429.098 16706.222 20436.939
Ntot[5]      23311.891  5529.203 15886.889 19593.596
Ntot[6]      22839.368  5600.157 15403.073 19103.989
Ntot[7]      22602.861  5562.765 15211.469 18909.088
Ntot[8]      21707.669  5495.337 14438.919 18054.689
Ntot[9]      21332.209  5337.511 14266.395 17738.386
Ntot[10]     20873.313  5146.897 14004.076 17393.357
Ntot[11]     20366.669  4924.001 13788.783 17102.940
Ntot[12]     20168.671  4589.579 13902.259 17011.031
Ntot[13]     20380.505  4315.623 14373.843 17447.810
Ntot[14]     20554.476  3933.996 15031.625 17869.095
Ntot[15]     20794.260  3529.149 15470.708 18337.398
Ntot[16]     20923.600  3025.224 16143.738 18797.876
Ntot[17]     21086.966  2421.982 16953.134 19386.464
Ntot[18]     21002.838  1715.408 17933.409 19816.745
Ntot[19]     21439.321  1801.205 18254.424 20192.028
Ntot[20]     21477.698  1776.005 18290.523 20255.557
Ntot[21]     21356.648  1925.832 17962.414 20054.605
Ntot[22]     20729.803  1929.649 17384.829 19375.756
Ntot[23]     19929.984  2043.921 16525.711 18495.011
Ntot[24]     19054.091  2207.759 15343.027 17548.378
Ntot[25]     18574.478  2335.345 14839.425 17004.184
Ntot[26]     17853.970  2414.745 14131.941 16272.148
Ntot[27]     17415.744  2503.411 13896.165 15786.562
Ntot[28]     16906.581  2551.034 13621.817 15355.822
Ntot[29]     15796.779  2730.233 12664.754 14243.629
Ntot[30]     16269.168  2977.801 13118.116 14659.519
Ntot[31]     16526.244  3254.706 13327.441 14859.808
Ntot[32]     16438.324  3733.782 13475.543 14746.351
Ntot[33]     17203.315  4525.970 13370.188 15113.676
Ntot[34]     17784.336  5359.107 13482.325 15373.226
Ntot[35]     18106.769  6220.611 13341.351 15347.556
Ntot[36]     19051.028  6963.897 13499.438 15885.561
Ntot[37]     19543.008  8082.339 13346.835 15936.246
Ntot[38]     19791.110  8941.279 12923.674 15713.546
Ntot[39]     20113.551 10373.574 12442.018 15468.286
Ntot[40]     20365.197 11372.295 12446.338 15511.913
logNtot[1]      10.181     0.172     9.876    10.061
logNtot[2]      10.153     0.178     9.854    10.028
logNtot[3]      10.108     0.195     9.783     9.970
logNtot[4]      10.069     0.205     9.724     9.925
logNtot[5]      10.032     0.216     9.673     9.883
logNtot[6]      10.011     0.220     9.642     9.858
logNtot[7]      10.000     0.221     9.630     9.847
logNtot[8]       9.958     0.227     9.578     9.801
logNtot[9]       9.941     0.224     9.566     9.783
logNtot[10]      9.920     0.223     9.547     9.764
logNtot[11]      9.896     0.219     9.532     9.747
logNtot[12]      9.889     0.209     9.540     9.742
logNtot[13]      9.902     0.196     9.573     9.767
logNtot[14]      9.914     0.178     9.618     9.791
logNtot[15]      9.929     0.161     9.647     9.817
logNtot[16]      9.939     0.140     9.689     9.841
logNtot[17]      9.950     0.113     9.738     9.872
logNtot[18]      9.949     0.081     9.794     9.894
logNtot[19]      9.969     0.083     9.812     9.913
logNtot[20]      9.971     0.082     9.814     9.916
logNtot[21]      9.965     0.089     9.796     9.906
logNtot[22]      9.935     0.092     9.763     9.872
logNtot[23]      9.895     0.101     9.713     9.825
logNtot[24]      9.849     0.113     9.638     9.773
logNtot[25]      9.822     0.121     9.605     9.741
logNtot[26]      9.782     0.128     9.556     9.697
logNtot[27]      9.756     0.131     9.539     9.667
logNtot[28]      9.726     0.133     9.519     9.639
logNtot[29]      9.656     0.145     9.447     9.564
logNtot[30]      9.685     0.149     9.482     9.593
logNtot[31]      9.699     0.154     9.498     9.606
logNtot[32]      9.691     0.163     9.509     9.599
logNtot[33]      9.733     0.182     9.501     9.623
logNtot[34]      9.762     0.198     9.509     9.640
logNtot[35]      9.775     0.217     9.499     9.639
logNtot[36]      9.822     0.231     9.510     9.673
logNtot[37]      9.841     0.253     9.499     9.676
logNtot[38]      9.845     0.277     9.467     9.662
logNtot[39]      9.850     0.306     9.429     9.647
logNtot[40]      9.857     0.315     9.429     9.649
mean.r[1]        0.079     0.040     0.002     0.052
mean.r[2]        0.022     0.040    -0.056    -0.005
mean.r[3]        0.012     0.041    -0.066    -0.015
mean.r[4]        0.008     0.046    -0.080    -0.023
mean.r[5]        0.021     0.041    -0.059    -0.007
mean.r[6]       -0.047     0.040    -0.123    -0.074
mean.r[7]        0.009     0.041    -0.070    -0.019
mean.r[8]       -0.047     0.041    -0.125    -0.076
mean.r[9]       -0.005     0.040    -0.081    -0.032
mean.r[10]       0.033     0.041    -0.043     0.005
mean.r[11]       0.010     0.043    -0.074    -0.019
mean.r[12]       0.082     0.040     0.005     0.055
mean.r[13]       0.008     0.040    -0.070    -0.019
mean.r[14]      -0.275     0.059    -0.389    -0.315
mean.r[15]       0.003     0.058    -0.109    -0.035
mean.r[16]       0.042     0.040    -0.033     0.015
r.proj[1]        0.051     0.011     0.029     0.044
r.proj[2]       -0.005     0.012    -0.029    -0.013
r.proj[3]       -0.015     0.012    -0.039    -0.023
r.proj[4]       -0.019     0.024    -0.067    -0.036
r.proj[5]       -0.006     0.014    -0.033    -0.016
r.proj[6]       -0.074     0.013    -0.099    -0.083
r.proj[7]       -0.018     0.016    -0.050    -0.029
r.proj[8]       -0.075     0.014    -0.102    -0.084
r.proj[9]       -0.032     0.012    -0.055    -0.040
r.proj[10]       0.006     0.013    -0.020    -0.003
r.proj[11]      -0.016     0.020    -0.055    -0.029
r.proj[12]       0.054     0.010     0.034     0.047
r.proj[13]      -0.019     0.014    -0.046    -0.028
r.proj[14]      -0.303     0.044    -0.388    -0.331
r.proj[15]      -0.024     0.043    -0.110    -0.054
r.proj[16]       0.015     0.010    -0.006     0.008
r.tot[2]        -0.028     0.100    -0.223    -0.093
r.tot[3]        -0.045     0.100    -0.239    -0.111
r.tot[4]        -0.039     0.101    -0.234    -0.104
r.tot[5]        -0.036     0.101    -0.232    -0.101
r.tot[6]        -0.022     0.102    -0.223    -0.086
r.tot[7]        -0.011     0.102    -0.214    -0.074
r.tot[8]        -0.042     0.102    -0.246    -0.106
r.tot[9]        -0.017     0.103    -0.225    -0.081
r.tot[10]       -0.021     0.103    -0.228    -0.085
r.tot[11]       -0.024     0.103    -0.227    -0.089
r.tot[12]       -0.007     0.103    -0.217    -0.073
r.tot[13]        0.013     0.103    -0.198    -0.052
r.tot[14]        0.012     0.103    -0.197    -0.053
r.tot[15]        0.015     0.100    -0.188    -0.048
r.tot[16]        0.010     0.098    -0.193    -0.054
r.tot[17]        0.011     0.099    -0.190    -0.051
r.tot[18]       -0.001     0.096    -0.199    -0.063
r.tot[19]        0.020     0.076    -0.131    -0.030
r.tot[20]        0.002     0.075    -0.146    -0.047
r.tot[21]       -0.006     0.077    -0.159    -0.058
r.tot[22]       -0.030     0.079    -0.185    -0.083
r.tot[23]       -0.040     0.076    -0.186    -0.093
r.tot[24]       -0.046     0.078    -0.199    -0.098
r.tot[25]       -0.027     0.079    -0.181    -0.080
r.tot[26]       -0.040     0.079    -0.196    -0.092
r.tot[27]       -0.025     0.079    -0.180    -0.078
r.tot[28]       -0.030     0.080    -0.187    -0.083
r.tot[29]       -0.070     0.079    -0.222    -0.121
r.tot[30]        0.029     0.074    -0.113    -0.020
r.tot[31]        0.014     0.075    -0.130    -0.035
r.tot[32]       -0.008     0.078    -0.161    -0.058
r.tot[33]        0.041     0.086    -0.116    -0.017
r.tot[34]        0.029     0.086    -0.130    -0.028
r.tot[35]        0.013     0.085    -0.145    -0.043
r.tot[36]        0.047     0.089    -0.121    -0.012
r.tot[37]        0.019     0.090    -0.147    -0.040
r.tot[38]        0.004     0.093    -0.165    -0.057
r.tot[39]        0.005     0.100    -0.180    -0.060
r.tot[40]        0.007     0.011    -0.006     0.001
sigma            0.231     0.030     0.172     0.209
deviance      -162.849    74.341  -332.294  -210.366
                   50%       75%     97.5%  Rhat n.eff
N.est[1,1]       2.610     3.389     5.725 1.002  1700
N.est[2,1]       2.659     3.470     5.855 1.002  1200
N.est[3,1]       2.723     3.535     5.780 1.002  1300
N.est[4,1]       2.793     3.551     5.777 1.003   900
N.est[5,1]       2.838     3.538     5.383 1.002  1000
N.est[6,1]       2.914     3.470     4.988 1.002  1500
N.est[7,1]       2.990     3.305     4.070 1.001 10000
N.est[8,1]       3.026     3.559     4.947 1.002 10000
N.est[9,1]       3.077     3.721     5.362 1.002  6200
N.est[10,1]      3.128     3.790     5.447 1.002  9200
N.est[11,1]      3.179     3.755     5.150 1.002  1200
N.est[12,1]      3.214     3.583     4.444 1.006   270
N.est[13,1]      3.714     4.435     6.234 1.003   900
N.est[14,1]      4.295     5.329     8.023 1.003  1900
N.est[15,1]      4.956     6.288     9.988 1.002  3700
N.est[16,1]      5.728     7.332    11.911 1.002 10000
N.est[17,1]      6.605     8.473    13.902 1.002 10000
N.est[18,1]      7.609     9.727    15.848 1.001 10000
N.est[19,1]      8.719    11.077    17.689 1.001 10000
N.est[20,1]     10.020    12.385    18.783 1.001 10000
N.est[21,1]     11.474    13.628    19.103 1.001 10000
N.est[22,1]     13.150    14.464    17.474 1.001  2600
N.est[23,1]     18.676    20.687    24.801 1.023    74
N.est[24,1]     15.914    18.678    25.307 1.006   350
N.est[25,1]     13.763    16.306    22.708 1.001  8500
N.est[26,1]     11.840    13.883    18.594 1.002  1100
N.est[27,1]     10.203    11.330    13.963 1.011   150
N.est[28,1]     11.263    12.849    16.487 1.008   210
N.est[29,1]     12.212    13.399    16.160 1.014   120
N.est[30,1]     16.203    17.632    20.771 1.002  1400
N.est[31,1]     19.509    21.223    24.945 1.003   920
N.est[32,1]     22.729    24.861    29.336 1.008   240
N.est[33,1]     21.969    24.943    32.502 1.002  1400
N.est[34,1]     21.465    23.383    27.565 1.001 10000
N.est[35,1]     19.798    21.522    25.367 1.002  1400
N.est[36,1]     22.272    24.324    28.773 1.005   360
N.est[37,1]     19.608    22.343    28.761 1.001 10000
N.est[38,1]     17.387    19.081    22.855 1.006   290
N.est[39,1]     18.194    19.965    24.244 1.001  3900
N.est[40,1]     19.156    21.066    25.792 1.001  3200
N.est[1,2]     368.841   469.961   745.755 1.002  1900
N.est[2,2]     371.573   470.715   745.872 1.001  3800
N.est[3,2]     376.787   464.519   689.898 1.002  1400
N.est[4,2]     379.276   451.021   629.659 1.001  2900
N.est[5,2]     379.082   423.730   526.197 1.008   230
N.est[6,2]     474.885   553.338   736.969 1.001 10000
N.est[7,2]     590.962   689.416   918.374 1.004   500
N.est[8,2]     739.495   821.904   987.348 1.016   120
N.est[9,2]     691.348   818.353  1141.917 1.005   370
N.est[10,2]    651.062   791.049  1161.723 1.004   570
N.est[11,2]    611.648   754.835  1133.788 1.003  1200
N.est[12,2]    577.335   702.790  1038.016 1.002  2100
N.est[13,2]    542.799   643.647   890.481 1.001  3300
N.est[14,2]    513.730   564.874   679.814 1.001 10000
N.est[15,2]    468.523   532.352   691.963 1.001 10000
N.est[16,2]    431.233   470.327   557.472 1.001  4700
N.est[17,2]    415.859   451.834   532.337 1.002  8900
N.est[18,2]    372.670   407.336   478.742 1.005   410
N.est[19,2]    399.387   435.313   509.506 1.001  6200
N.est[20,2]    381.266   414.403   489.989 1.001 10000
N.est[21,2]    392.358   427.428   505.705 1.005   340
N.est[22,2]    350.237   400.853   517.860 1.007   260
N.est[23,2]    316.843   346.442   408.402 1.009   190
N.est[24,2]    177.777   201.333   252.717 1.061    32
N.est[25,2]    281.437   307.182   363.669 1.003   930
N.est[26,2]    300.038   342.293   442.932 1.002  1600
N.est[27,2]    322.433   353.950   420.593 1.005   380
N.est[28,2]    295.839   336.897   432.425 1.001  8800
N.est[29,2]    269.799   295.881   352.812 1.003   600
N.est[30,2]    290.889   316.281   372.271 1.001  3000
N.est[31,2]    294.798   320.263   377.057 1.001  2600
N.est[32,2]    270.712   294.901   350.810 1.002  6500
N.est[33,2]    286.553   325.768   422.136 1.002 10000
N.est[34,2]    302.319   329.617   388.449 1.003   930
N.est[35,2]    299.809   326.338   387.872 1.001 10000
N.est[36,2]    313.897   341.469   403.645 1.001 10000
N.est[37,2]    331.250   359.962   425.657 1.004   550
N.est[38,2]    308.029   338.862   410.208 1.003  1600
N.est[39,2]    306.973   368.223   530.728 1.001 10000
N.est[40,2]    305.470   368.292   536.232 1.001 10000
N.est[1,3]     331.942   422.274   690.765 1.003   830
N.est[2,3]     334.732   423.578   666.057 1.003   700
N.est[3,3]     335.652   415.890   625.628 1.002  1300
N.est[4,3]     340.108   405.279   560.988 1.003   700
N.est[5,3]     336.925   375.532   469.242 1.010   160
N.est[6,3]     427.991   498.811   663.320 1.001 10000
N.est[7,3]     538.851   625.900   840.906 1.002  1600
N.est[8,3]     683.492   755.475   906.690 1.013   130
N.est[9,3]     636.250   728.430   950.223 1.003   720
N.est[10,3]    595.574   656.216   794.735 1.001 10000
N.est[11,3]    557.212   650.832   871.026 1.001  9700
N.est[12,3]    519.470   614.627   857.115 1.001 10000
N.est[13,3]    486.695   569.566   768.416 1.001 10000
N.est[14,3]    453.036   499.615   602.655 1.001 10000
N.est[15,3]    433.855   499.709   644.051 1.001 10000
N.est[16,3]    416.275   457.065   544.659 1.001 10000
N.est[17,3]    403.263   457.775   585.475 1.001 10000
N.est[18,3]    386.400   421.711   497.775 1.001 10000
N.est[19,3]    381.388   415.229   486.349 1.001 10000
N.est[20,3]    343.863   376.323   446.395 1.001 10000
N.est[21,3]    345.401   393.857   505.666 1.001  3900
N.est[22,3]    345.140   379.228   452.936 1.001  4700
N.est[23,3]    322.627   376.091   508.057 1.001  7100
N.est[24,3]    303.327   359.336   496.471 1.001 10000
N.est[25,3]    285.250   331.520   448.996 1.001  4900
N.est[26,3]    268.407   293.409   350.874 1.001  4400
N.est[27,3]    252.640   274.074   322.309 1.001  4700
N.est[28,3]    249.487   270.609   317.580 1.002  2400
N.est[29,3]    227.371   247.245   291.158 1.002  1900
N.est[30,3]    237.786   259.025   303.712 1.002  1600
N.est[31,3]    216.110   234.791   275.095 1.001 10000
N.est[32,3]    167.609   184.049   221.279 1.011   150
N.est[33,3]    190.515   207.548   243.824 1.001  2700
N.est[34,3]    210.893   228.829   267.320 1.001 10000
N.est[35,3]    222.419   241.336   281.774 1.002  1000
N.est[36,3]    223.186   242.533   286.271 1.003   790
N.est[37,3]    207.195   225.957   267.326 1.001  6700
N.est[38,3]    194.006   213.221   258.633 1.001  3100
N.est[39,3]    191.714   230.773   326.545 1.001  5500
N.est[40,3]    188.900   228.773   325.344 1.001  6600
N.est[1,4]    7531.760 10323.453 19041.073 1.001  3200
N.est[2,4]    7469.531 10469.323 19997.624 1.001  3700
N.est[3,4]    7450.178 10570.977 20737.921 1.002  2300
N.est[4,4]    7444.239 10783.326 20961.745 1.002  2100
N.est[5,4]    7478.515 10802.213 21763.200 1.001  3000
N.est[6,4]    7456.161 10799.854 21982.110 1.002  2300
N.est[7,4]    7445.981 10811.633 21948.539 1.002  1400
N.est[8,4]    7384.005 10676.845 21439.971 1.003   960
N.est[9,4]    7338.666 10612.569 20976.920 1.002  2000
N.est[10,4]   7292.913 10475.466 21001.165 1.002  2300
N.est[11,4]   7268.557 10218.345 20212.681 1.002  2200
N.est[12,4]   7244.363 10060.629 19458.275 1.002  4600
N.est[13,4]   7248.299  9842.322 18240.178 1.003  2100
N.est[14,4]   7185.608  9636.780 17505.426 1.002  1500
N.est[15,4]   7223.128  9437.507 15636.095 1.002  3400
N.est[16,4]   7169.329  9017.091 13989.228 1.003  4300
N.est[17,4]   7129.131  8473.854 11914.653 1.001 10000
N.est[18,4]   7076.455  7759.360  9387.814 1.001  7400
N.est[19,4]   7469.893  8110.551  9499.352 1.001  5600
N.est[20,4]   7523.951  8157.541  9599.231 1.001 10000
N.est[21,4]   7529.579  8196.337  9582.612 1.001  3600
N.est[22,4]   7096.949  7724.371  9032.397 1.001  7100
N.est[23,4]   6548.499  7104.467  8333.794 1.001  2700
N.est[24,4]   5957.300  6472.709  7637.510 1.001 10000
N.est[25,4]   5540.801  6014.316  7090.475 1.001 10000
N.est[26,4]   5020.233  5455.111  6417.895 1.001 10000
N.est[27,4]   4757.459  5170.801  6090.556 1.001 10000
N.est[28,4]   4328.781  4711.859  5537.232 1.001 10000
N.est[29,4]   3535.756  3865.074  4599.931 1.007   250
N.est[30,4]   3939.938  4279.458  5019.795 1.001 10000
N.est[31,4]   4184.777  4560.907  5339.456 1.001  3700
N.est[32,4]   4112.763  4513.527  5443.284 1.002  2100
N.est[33,4]   4030.928  4870.735  7039.832 1.002 10000
N.est[34,4]   3967.182  5078.062  8226.241 1.002  8800
N.est[35,4]   3885.733  5238.619  9340.290 1.001  7100
N.est[36,4]   3810.558  5413.814 10516.304 1.001  3700
N.est[37,4]   3737.649  5566.711 11870.959 1.001 10000
N.est[38,4]   3701.743  5721.604 13459.555 1.001  4900
N.est[39,4]   3622.030  5820.835 14723.017 1.001  9900
N.est[40,4]   3552.081  5801.504 15047.028 1.001  9400
N.est[1,5]    2498.591  3321.207  5663.969 1.001 10000
N.est[2,5]    2489.124  3321.483  5726.969 1.001  7100
N.est[3,5]    2488.461  3304.653  5731.223 1.002  2300
N.est[4,5]    2474.764  3273.699  5677.242 1.003  1400
N.est[5,5]    2453.643  3213.412  5394.967 1.002  1900
N.est[6,5]    2436.802  3159.554  5085.587 1.001  3600
N.est[7,5]    2420.268  3024.527  4655.667 1.001  4800
N.est[8,5]    2421.903  2899.961  4116.467 1.002  2800
N.est[9,5]    2407.773  2654.801  3237.565 1.003   800
N.est[10,5]   2234.644  2594.181  3472.183 1.001 10000
N.est[11,5]   2068.380  2408.117  3226.869 1.002  1700
N.est[12,5]   1905.372  2113.644  2632.483 1.006   320
N.est[13,5]   2088.305  2457.755  3419.529 1.002  1600
N.est[14,5]   2276.404  2760.345  4053.462 1.003  2700
N.est[15,5]   2469.167  3032.410  4522.638 1.002 10000
N.est[16,5]   2683.330  3258.894  4859.226 1.002  9900
N.est[17,5]   2918.631  3459.201  4823.882 1.001 10000
N.est[18,5]   3198.490  3520.098  4233.026 1.005   470
N.est[19,5]   3200.385  3669.228  4742.959 1.002   970
N.est[20,5]   3204.604  3541.598  4282.816 1.003  2400
N.est[21,5]   3003.854  3579.498  5035.375 1.001  4300
N.est[22,5]   2815.972  3487.221  5189.788 1.001  8200
N.est[23,5]   2660.862  3335.957  5252.981 1.001  5800
N.est[24,5]   2502.311  3197.984  5076.618 1.001 10000
N.est[25,5]   2376.460  3020.462  4808.769 1.002 10000
N.est[26,5]   2240.748  2813.309  4442.315 1.002 10000
N.est[27,5]   2096.765  2576.336  3920.745 1.003  2300
N.est[28,5]   1976.985  2330.800  3264.733 1.003  1400
N.est[29,5]   1848.917  2034.344  2466.421 1.004   490
N.est[30,5]   1976.012  2156.763  2564.357 1.001 10000
N.est[31,5]   2011.197  2287.007  2941.710 1.001  5300
N.est[32,5]   2044.497  2229.382  2635.786 1.003   790
N.est[33,5]   2099.944  2281.597  2662.850 1.002  1200
N.est[34,5]   2047.260  2223.707  2618.638 1.002  2100
N.est[35,5]   1911.736  2080.471  2445.657 1.001  3600
N.est[36,5]   1958.545  2126.171  2496.095 1.001 10000
N.est[37,5]   2044.594  2223.335  2627.539 1.001  3100
N.est[38,5]   1987.273  2181.945  2620.853 1.001  4800
N.est[39,5]   1973.067  2392.927  3398.870 1.002  2000
N.est[40,5]   1962.059  2394.922  3442.973 1.002  2100
N.est[1,6]     190.599   208.499   250.105 1.001  4900
N.est[2,6]     202.347   220.933   261.881 1.016   110
N.est[3,6]     147.951   161.228   191.550 1.001 10000
N.est[4,6]     119.791   136.612   176.157 1.001  3800
N.est[5,6]      96.697   105.500   124.943 1.001  2800
N.est[6,6]      88.547    96.851   113.215 1.003   670
N.est[7,6]      51.046    57.435    71.795 1.039    47
N.est[8,6]      51.068    60.855    83.263 1.009   190
N.est[9,6]      50.820    62.450    92.563 1.006   280
N.est[10,6]     50.506    63.365    97.280 1.004   560
N.est[11,6]     49.695    63.075   100.620 1.003   650
N.est[12,6]     48.846    62.517    99.928 1.004   580
N.est[13,6]     48.422    60.979    94.788 1.002  1600
N.est[14,6]     48.003    59.183    88.196 1.002  1200
N.est[15,6]     47.557    56.202    77.317 1.002  1300
N.est[16,6]     46.809    51.524    61.894 1.002  2200
N.est[17,6]     50.024    54.460    64.081 1.002  1800
N.est[18,6]     56.688    62.153    73.403 1.023    82
N.est[19,6]     39.242    42.836    50.897 1.005   360
N.est[20,6]     39.657    42.978    50.420 1.003   920
N.est[21,6]     33.493    36.395    42.859 1.001  6300
N.est[22,6]     27.436    29.863    35.297 1.004   550
N.est[23,6]     24.927    27.162    32.208 1.004   500
N.est[24,6]     29.333    32.044    37.649 1.014   120
N.est[25,6]     24.449    26.657    31.233 1.017    99
N.est[26,6]     14.547    15.901    19.087 1.006   310
N.est[27,6]     10.738    11.978    15.039 1.023    75
N.est[28,6]     11.187    13.311    18.507 1.006   330
N.est[29,6]     11.560    14.321    21.375 1.004   680
N.est[30,6]     11.987    15.105    23.735 1.003  3200
N.est[31,6]     12.397    15.699    25.013 1.003  2600
N.est[32,6]     12.761    16.192    25.889 1.003  5400
N.est[33,6]     13.073    16.584    26.154 1.003 10000
N.est[34,6]     13.357    16.644    24.897 1.003 10000
N.est[35,6]     13.771    16.392    23.117 1.002  4500
N.est[36,6]     14.221    15.813    19.546 1.005   350
N.est[37,6]     13.070    16.019    23.105 1.002  1000
N.est[38,6]     12.004    15.703    25.499 1.002  4500
N.est[39,6]     11.166    15.426    27.603 1.002  2500
N.est[40,6]     10.364    14.427    26.238 1.002  2400
N.est[1,7]    5864.560  6932.857  9706.055 1.004   470
N.est[2,7]    5710.553  6328.743  7670.022 1.010   250
N.est[3,7]    4628.544  5445.219  7506.259 1.003   640
N.est[4,7]    3795.276  4530.560  6431.126 1.002  2200
N.est[5,7]    3122.875  3653.727  4924.688 1.001  4300
N.est[6,7]    2567.092  2810.696  3328.097 1.002  1600
N.est[7,7]    2259.175  2467.927  2900.045 1.008   220
N.est[8,7]    1309.102  1462.724  1833.512 1.026    74
N.est[9,7]    1305.605  1527.428  2029.396 1.008   210
N.est[10,7]   1298.514  1505.311  2012.422 1.007   230
N.est[11,7]   1273.295  1416.542  1757.431 1.013   140
N.est[12,7]   1491.452  1736.472  2313.118 1.002  1300
N.est[13,7]   1734.589  2004.566  2652.423 1.002  2000
N.est[14,7]   2004.144  2206.013  2650.366 1.001 10000
N.est[15,7]   2328.929  2666.704  3455.138 1.001  6600
N.est[16,7]   2719.655  2994.563  3619.522 1.004   520
N.est[17,7]   2769.376  3262.508  4568.963 1.002  2600
N.est[18,7]   2819.228  3446.944  5094.250 1.002  5900
N.est[19,7]   2890.526  3525.450  5309.212 1.003 10000
N.est[20,7]   2952.021  3574.158  5217.676 1.002 10000
N.est[21,7]   3002.515  3531.767  4897.510 1.002 10000
N.est[22,7]   3053.056  3358.666  4016.549 1.001 10000
N.est[23,7]   3012.023  3297.428  3937.729 1.001 10000
N.est[24,7]   2966.883  3487.222  4783.478 1.001 10000
N.est[25,7]   2953.865  3555.209  5176.258 1.001 10000
N.est[26,7]   2931.558  3528.353  5061.217 1.002  4500
N.est[27,7]   2913.888  3431.634  4721.486 1.001  6800
N.est[28,7]   2898.661  3174.891  3778.569 1.002  1700
N.est[29,7]   2762.398  3002.469  3545.815 1.001  5800
N.est[30,7]   2662.697  2892.938  3379.149 1.001  3000
N.est[31,7]   2626.888  2864.011  3398.288 1.002  1600
N.est[32,7]   2721.493  2954.468  3490.929 1.002  1800
N.est[33,7]   3060.989  3314.223  3894.615 1.002  1800
N.est[34,7]   3212.181  3494.154  4112.279 1.004   580
N.est[35,7]   3153.925  3460.880  4152.342 1.002  1500
N.est[36,7]   3088.919  3712.179  5304.614 1.002  1800
N.est[37,7]   3017.838  3893.550  6287.876 1.001  9800
N.est[38,7]   2964.580  3976.670  7058.030 1.001  7500
N.est[39,7]   2916.547  4093.093  7942.194 1.001 10000
N.est[40,7]   2864.693  4052.297  8007.774 1.001 10000
N.est[1,8]      34.560    46.010    79.636 1.001  7700
N.est[2,8]      33.489    45.067    80.110 1.001  5700
N.est[3,8]      32.479    43.966    80.236 1.001  4600
N.est[4,8]      31.432    42.578    76.765 1.001 10000
N.est[5,8]      30.306    40.771    75.677 1.001  2700
N.est[6,8]      29.331    38.971    70.489 1.001  6600
N.est[7,8]      28.464    37.348    65.110 1.002  5600
N.est[8,8]      27.594    35.632    59.517 1.002  5200
N.est[9,8]      26.653    33.649    51.679 1.002  3900
N.est[10,8]     26.032    31.128    44.743 1.002  1200
N.est[11,8]     25.398    28.264    34.382 1.005   390
N.est[12,8]     20.327    23.965    33.253 1.003   590
N.est[13,8]     16.384    19.716    28.846 1.003  1800
N.est[14,8]     13.251    16.002    22.851 1.002  2600
N.est[15,8]     10.679    12.544    17.078 1.001 10000
N.est[16,8]      8.559     9.459    11.680 1.002  2200
N.est[17,8]      7.931     9.198    12.294 1.002 10000
N.est[18,8]      7.306     8.446    11.324 1.001  4600
N.est[19,8]      6.777     7.441     8.778 1.013   130
N.est[20,8]      4.430     4.876     5.926 1.008   230
N.est[21,8]      3.625     4.279     5.869 1.006   330
N.est[22,8]      2.970     3.593     5.155 1.005   390
N.est[23,8]      2.415     2.977     4.348 1.007   300
N.est[24,8]      1.964     2.385     3.442 1.009   190
N.est[25,8]      1.591     1.892     2.629 1.014   120
N.est[26,8]      1.267     1.446     1.930 1.051    39
N.est[27,8]      1.628     1.912     2.633 1.008   230
N.est[28,8]      2.046     2.415     3.439 1.002  1200
N.est[29,8]      2.588     3.025     4.110 1.002  1800
N.est[30,8]      3.293     3.656     4.361 1.017   100
N.est[31,8]      2.827     3.233     4.183 1.001 10000
N.est[32,8]      2.434     2.691     3.317 1.018    99
N.est[33,8]      3.109     3.545     4.568 1.002 10000
N.est[34,8]      3.974     4.382     5.178 1.027    63
N.est[35,8]      3.196     3.474     4.090 1.002  2300
N.est[36,8]      2.986     3.242     3.802 1.001 10000
N.est[37,8]      2.775     3.026     3.539 1.002  1000
N.est[38,8]      2.172     2.397     2.941 1.004   550
N.est[39,8]      2.020     2.439     3.489 1.001  4200
N.est[40,8]      1.876     2.276     3.277 1.001  4500
N.est[1,9]    3162.130  3962.189  6221.868 1.001 10000
N.est[2,9]    3092.590  3802.634  5692.960 1.001 10000
N.est[3,9]    3016.122  3594.180  5072.863 1.001  3700
N.est[4,9]    2961.912  3285.418  4025.343 1.003 10000
N.est[5,9]    2818.727  3358.366  4775.216 1.001 10000
N.est[6,9]    2690.343  3362.901  5083.413 1.001  9100
N.est[7,9]    2569.570  3294.529  5312.254 1.001  3100
N.est[8,9]    2487.439  3178.695  5261.630 1.001 10000
N.est[9,9]    2372.156  3071.949  5075.163 1.002  5600
N.est[10,9]   2274.850  2931.988  4852.873 1.003 10000
N.est[11,9]   2165.903  2788.826  4398.911 1.002 10000
N.est[12,9]   2076.369  2580.431  3979.037 1.001 10000
N.est[13,9]   1989.874  2374.194  3313.692 1.001 10000
N.est[14,9]   1898.264  2108.552  2583.979 1.002 10000
N.est[15,9]   1776.575  2137.086  3063.810 1.002  2100
N.est[16,9]   1682.522  2097.718  3242.301 1.002  2800
N.est[17,9]   1583.683  2044.698  3394.121 1.003  1800
N.est[18,9]   1499.840  1976.777  3437.212 1.004  1800
N.est[19,9]   1418.005  1895.161  3394.872 1.003  7000
N.est[20,9]   1325.402  1816.742  3313.581 1.004 10000
N.est[21,9]   1258.019  1710.642  3083.971 1.004 10000
N.est[22,9]   1182.771  1607.657  2908.933 1.003 10000
N.est[23,9]   1122.786  1505.096  2718.907 1.003 10000
N.est[24,9]   1056.045  1410.258  2479.356 1.003 10000
N.est[25,9]    998.417  1322.525  2261.650 1.004 10000
N.est[26,9]    945.106  1220.596  1999.830 1.004 10000
N.est[27,9]    891.675  1114.838  1714.199 1.004 10000
N.est[28,9]    846.329  1005.005  1413.409 1.001 10000
N.est[29,9]    796.145   878.693  1069.437 1.001  4300
N.est[30,9]    723.480   823.858  1064.330 1.001  3900
N.est[31,9]    658.504   718.002   843.469 1.002  2400
N.est[32,9]    516.062   566.084   679.580 1.012   130
N.est[33,9]    530.569   578.438   687.442 1.012   130
N.est[34,9]    598.777   652.702   777.321 1.004   530
N.est[35,9]    731.503   795.923   939.785 1.001 10000
N.est[36,9]    965.294  1051.556  1228.423 1.014   120
N.est[37,9]    989.208  1074.896  1262.760 1.006   280
N.est[38,9]    970.434  1069.592  1284.741 1.001  3300
N.est[39,9]    940.201  1131.650  1628.302 1.001 10000
N.est[40,9]    910.616  1100.892  1598.568 1.001 10000
N.est[1,10]    701.532   972.990  1767.573 1.001 10000
N.est[2,10]    700.748   994.215  1897.114 1.001 10000
N.est[3,10]    706.705  1006.354  2031.855 1.002 10000
N.est[4,10]    708.770  1016.620  2084.361 1.002 10000
N.est[5,10]    707.518  1019.509  2191.546 1.002 10000
N.est[6,10]    707.260  1039.868  2234.988 1.002 10000
N.est[7,10]    706.699  1046.202  2269.874 1.002 10000
N.est[8,10]    704.187  1052.288  2242.744 1.002 10000
N.est[9,10]    706.386  1055.569  2271.511 1.001 10000
N.est[10,10]   705.354  1059.243  2267.510 1.002 10000
N.est[11,10]   713.800  1049.457  2237.429 1.001 10000
N.est[12,10]   709.019  1043.411  2213.624 1.001 10000
N.est[13,10]   709.617  1033.977  2153.052 1.001 10000
N.est[14,10]   707.025  1018.803  2068.572 1.002 10000
N.est[15,10]   712.677  1009.586  1928.200 1.002 10000
N.est[16,10]   710.538   985.015  1855.075 1.002 10000
N.est[17,10]   712.323   967.610  1728.947 1.002 10000
N.est[18,10]   710.908   937.886  1558.221 1.002 10000
N.est[19,10]   717.431   899.756  1407.712 1.001 10000
N.est[20,10]   712.948   854.379  1234.955 1.001 10000
N.est[21,10]   714.065   790.632   973.028 1.002  4400
N.est[22,10]   700.495   829.413  1149.534 1.001 10000
N.est[23,10]   690.228   837.636  1230.111 1.001  6500
N.est[24,10]   671.279   825.471  1228.442 1.002  2400
N.est[25,10]   658.302   802.153  1180.681 1.003   870
N.est[26,10]   649.140   765.769  1062.918 1.003   760
N.est[27,10]   636.810   701.160   849.921 1.005   380
N.est[28,10]   789.313   868.188  1031.905 1.006   290
N.est[29,10]   742.547   873.553  1201.948 1.002  1100
N.est[30,10]   706.450   845.028  1216.203 1.002  2400
N.est[31,10]   671.097   803.972  1159.302 1.002 10000
N.est[32,10]   633.077   742.417  1011.303 1.001  6800
N.est[33,10]   598.800   658.350   796.968 1.005   400
N.est[34,10]   672.832   730.592   857.883 1.002  1400
N.est[35,10]   703.593   765.312   897.997 1.002  2000
N.est[36,10]   692.108   755.866   900.725 1.001  7300
N.est[37,10]   790.856   898.645  1168.961 1.002  3400
N.est[38,10]   906.553   989.386  1175.869 1.008   280
N.est[39,10]   869.798   958.468  1151.344 1.002  4800
N.est[40,10]   875.048   966.142  1168.994 1.002  4600
N.est[1,11]   1104.348  1513.141  2789.060 1.001  9100
N.est[2,11]   1107.796  1538.500  2928.469 1.001 10000
N.est[3,11]   1103.796  1562.637  3010.854 1.001 10000
N.est[4,11]   1103.656  1571.765  3094.193 1.001  7700
N.est[5,11]   1107.634  1585.146  3078.588 1.001  4400
N.est[6,11]   1102.498  1573.231  3085.109 1.001  9400
N.est[7,11]   1099.713  1565.898  3108.116 1.001  7800
N.est[8,11]   1100.897  1549.053  2993.601 1.001 10000
N.est[9,11]   1100.520  1535.922  2917.027 1.002 10000
N.est[10,11]  1097.133  1515.291  2806.537 1.001 10000
N.est[11,11]  1097.427  1491.615  2708.528 1.001 10000
N.est[12,11]  1091.384  1439.938  2536.380 1.001 10000
N.est[13,11]  1084.514  1414.337  2350.981 1.001 10000
N.est[14,11]  1085.933  1360.052  2114.253 1.002 10000
N.est[15,11]  1088.770  1300.742  1832.887 1.001  8900
N.est[16,11]  1085.849  1195.080  1440.708 1.002  2700
N.est[17,11]  1200.014  1306.913  1532.846 1.001  6600
N.est[18,11]  1159.915  1260.568  1482.469 1.001 10000
N.est[19,11]  1129.274  1231.498  1457.236 1.001 10000
N.est[20,11]  1089.066  1242.702  1601.619 1.001 10000
N.est[21,11]  1050.451  1154.321  1388.296 1.001 10000
N.est[22,11]   988.242  1157.397  1576.447 1.002 10000
N.est[23,11]   928.485  1117.966  1583.593 1.003  7700
N.est[24,11]   873.614  1050.052  1510.218 1.002 10000
N.est[25,11]   821.166   963.268  1324.612 1.001 10000
N.est[26,11]   767.893   850.050  1049.433 1.003  5700
N.est[27,11]   739.967   876.860  1206.073 1.001 10000
N.est[28,11]   711.443   865.387  1249.340 1.001 10000
N.est[29,11]   685.482   840.856  1246.029 1.001  4600
N.est[30,11]   660.034   799.763  1184.059 1.001 10000
N.est[31,11]   633.049   748.401  1023.737 1.001 10000
N.est[32,11]   609.444   672.985   829.692 1.002  2100
N.est[33,11]   617.797   722.436   963.367 1.001 10000
N.est[34,11]   627.870   730.860   977.020 1.001 10000
N.est[35,11]   637.985   705.971   864.158 1.001  4300
N.est[36,11]   628.063   759.926  1098.671 1.001 10000
N.est[37,11]   621.994   797.918  1300.747 1.001 10000
N.est[38,11]   610.326   821.170  1494.505 1.001 10000
N.est[39,11]   591.761   841.540  1682.824 1.001  7800
N.est[40,11]   581.784   835.796  1704.586 1.001  7600
N.est[1,12]    449.693   572.041   909.082 1.001 10000
N.est[2,12]    463.703   584.392   918.447 1.001 10000
N.est[3,12]    479.446   597.831   888.623 1.001 10000
N.est[4,12]    498.325   593.290   828.859 1.001  7400
N.est[5,12]    511.110   568.948   708.700 1.002  1200
N.est[6,12]    550.853   662.565   941.424 1.001  5400
N.est[7,12]    596.222   749.519  1160.686 1.001 10000
N.est[8,12]    649.398   835.236  1368.380 1.001  5400
N.est[9,12]    701.512   920.310  1594.167 1.002  2800
N.est[10,12]   755.786  1014.660  1806.087 1.003  2500
N.est[11,12]   821.836  1101.089  1952.676 1.004  3800
N.est[12,12]   881.361  1200.428  2154.245 1.003  2000
N.est[13,12]   959.875  1285.242  2307.928 1.003  2200
N.est[14,12]  1033.419  1374.931  2417.905 1.002  6700
N.est[15,12]  1119.270  1464.563  2500.075 1.003  8500
N.est[16,12]  1205.569  1556.612  2563.269 1.002 10000
N.est[17,12]  1305.236  1628.438  2566.025 1.002 10000
N.est[18,12]  1406.853  1690.739  2397.179 1.001 10000
N.est[19,12]  1530.166  1700.889  2097.780 1.002 10000
N.est[20,12]  1606.725  1927.551  2744.773 1.001 10000
N.est[21,12]  1671.554  2088.500  3230.388 1.001 10000
N.est[22,12]  1753.419  2239.226  3677.390 1.002  6600
N.est[23,12]  1834.669  2402.551  4060.943 1.001 10000
N.est[24,12]  1924.208  2536.064  4434.605 1.002 10000
N.est[25,12]  2000.695  2688.777  4690.678 1.002 10000
N.est[26,12]  2109.332  2817.133  4982.387 1.002 10000
N.est[27,12]  2212.510  2948.275  5167.637 1.003 10000
N.est[28,12]  2317.732  3030.957  5163.610 1.002 10000
N.est[29,12]  2431.530  3109.910  5169.745 1.002 10000
N.est[30,12]  2545.648  3165.928  4906.989 1.002 10000
N.est[31,12]  2665.607  3175.728  4455.579 1.001 10000
N.est[32,12]  2774.818  3066.633  3707.469 1.001 10000
N.est[33,12]  2936.969  3345.382  4340.291 1.001  6400
N.est[34,12]  3120.765  3406.996  4048.364 1.001  3300
N.est[35,12]  3269.596  3545.121  4171.528 1.002  2200
N.est[36,12]  3652.308  3959.571  4651.554 1.004   450
N.est[37,12]  3640.767  3950.223  4632.595 1.002  1500
N.est[38,12]  3572.099  3897.830  4609.230 1.001 10000
N.est[39,12]  3530.464  3878.406  4695.331 1.001  8600
N.est[40,12]  3724.837  4105.186  5003.441 1.001  8300
N.est[1,13]    143.825   201.260   378.425 1.001 10000
N.est[2,13]    143.798   206.163   402.100 1.001 10000
N.est[3,13]    143.065   209.028   424.227 1.001 10000
N.est[4,13]    142.509   209.687   444.619 1.001 10000
N.est[5,13]    142.539   213.346   459.696 1.001 10000
N.est[6,13]    141.664   214.944   486.935 1.001 10000
N.est[7,13]    141.829   217.468   502.541 1.001 10000
N.est[8,13]    141.725   219.251   512.169 1.001 10000
N.est[9,13]    143.529   221.324   517.993 1.001 10000
N.est[10,13]   142.356   222.213   540.577 1.001 10000
N.est[11,13]   141.476   222.465   531.609 1.001 10000
N.est[12,13]   141.412   220.249   539.496 1.001 10000
N.est[13,13]   141.251   222.375   519.649 1.001 10000
N.est[14,13]   141.051   221.131   521.718 1.001 10000
N.est[15,13]   140.754   220.721   515.018 1.001 10000
N.est[16,13]   140.479   216.505   513.492 1.001 10000
N.est[17,13]   139.640   214.829   504.283 1.002 10000
N.est[18,13]   138.769   212.298   489.015 1.001 10000
N.est[19,13]   138.895   209.431   475.079 1.001 10000
N.est[20,13]   138.993   207.739   454.175 1.001 10000
N.est[21,13]   139.445   203.842   430.089 1.002 10000
N.est[22,13]   138.420   199.790   406.274 1.003 10000
N.est[23,13]   137.212   194.892   393.730 1.004 10000
N.est[24,13]   137.050   191.229   357.751 1.003 10000
N.est[25,13]   137.716   185.315   333.159 1.003 10000
N.est[26,13]   136.544   179.283   304.917 1.003 10000
N.est[27,13]   137.221   172.139   272.332 1.001 10000
N.est[28,13]   136.307   164.184   231.520 1.001  4900
N.est[29,13]   135.864   150.377   184.082 1.001  3500
N.est[30,13]   141.199   161.311   208.228 1.001 10000
N.est[31,13]   146.476   160.943   193.582 1.001 10000
N.est[32,13]   156.358   178.032   227.619 1.002  1200
N.est[33,13]   165.972   181.251   214.064 1.008   220
N.est[34,13]   145.332   157.520   185.122 1.001 10000
N.est[35,13]   129.034   140.810   167.545 1.003   590
N.est[36,13]   165.398   182.026   216.235 1.028    65
N.est[37,13]   118.234   128.479   150.115 1.002  1100
N.est[38,13]    85.738    93.552   111.387 1.004   610
N.est[39,13]    69.528    77.207    95.551 1.013   150
N.est[40,13]    68.208    75.945    94.582 1.012   150
N.est[1,14]    350.429   387.569   472.330 1.010   170
N.est[2,14]    327.956   358.135   424.109 1.001  4500
N.est[3,14]    267.734   292.887   349.634 1.007   240
N.est[4,14]    274.404   298.872   354.982 1.001 10000
N.est[5,14]    264.662   301.078   390.167 1.002  8200
N.est[6,14]    257.437   280.057   331.487 1.002  1100
N.est[7,14]    249.536   272.705   320.293 1.018    90
N.est[8,14]    192.421   211.293   250.115 1.014   120
N.est[9,14]    116.260   132.418   170.724 1.001 10000
N.est[10,14]    71.048    77.866    93.655 1.008   220
N.est[11,14]    65.506    71.734    84.389 1.014   130
N.est[12,14]    39.236    42.856    50.918 1.001  8200
N.est[13,14]    26.938    30.750    39.820 1.002   950
N.est[14,14]    18.690    20.552    24.376 1.011   150
N.est[15,14]     9.271    10.540    13.567 1.002 10000
N.est[16,14]     4.624     5.088     6.211 1.012   130
N.est[17,14]     3.064     3.349     3.982 1.006   290
N.est[18,14]     2.093     2.310     2.812 1.003   680
N.est[19,14]     1.563     1.897     2.706 1.001  3600
N.est[20,14]     1.162     1.490     2.409 1.001 10000
N.est[21,14]     0.855     1.162     2.149 1.002 10000
N.est[22,14]     0.627     0.901     1.840 1.002 10000
N.est[23,14]     0.463     0.699     1.556 1.003 10000
N.est[24,14]     0.340     0.537     1.324 1.003  7100
N.est[25,14]     0.253     0.416     1.139 1.003  3300
N.est[26,14]     0.187     0.321     0.922 1.003  3600
N.est[27,14]     0.138     0.251     0.780 1.003  3000
N.est[28,14]     0.102     0.192     0.665 1.003  4700
N.est[29,14]     0.075     0.150     0.557 1.003  5200
N.est[30,14]     0.056     0.115     0.458 1.003  6000
N.est[31,14]     0.041     0.088     0.385 1.002  5000
N.est[32,14]     0.030     0.067     0.332 1.003  5200
N.est[33,14]     0.023     0.051     0.279 1.003  4800
N.est[34,14]     0.017     0.040     0.231 1.003 10000
N.est[35,14]     0.012     0.030     0.187 1.003 10000
N.est[36,14]     0.009     0.023     0.158 1.003 10000
N.est[37,14]     0.007     0.018     0.131 1.003  9300
N.est[38,14]     0.005     0.014     0.107 1.003  7400
N.est[39,14]     0.004     0.010     0.089 1.002  9900
N.est[40,14]     0.003     0.008     0.071 1.002 10000
N.est[1,15]   2076.531  2277.102  2694.621 1.004   500
N.est[2,15]   1674.807  1831.396  2178.553 1.007   260
N.est[3,15]   1715.255  1878.200  2261.214 1.001 10000
N.est[4,15]   1705.663  2009.588  2764.789 1.001 10000
N.est[5,15]   1692.616  2061.099  3062.480 1.001 10000
N.est[6,15]   1687.861  2090.189  3148.876 1.001 10000
N.est[7,15]   1674.390  2069.456  3149.563 1.001 10000
N.est[8,15]   1659.277  2022.143  2986.819 1.001 10000
N.est[9,15]   1657.908  1945.924  2707.581 1.001 10000
N.est[10,15]  1635.686  1788.556  2133.432 1.001 10000
N.est[11,15]  1597.373  1737.173  2048.417 1.002  3100
N.est[12,15]  1638.079  1790.588  2110.090 1.001 10000
N.est[13,15]  1679.197  1907.859  2461.664 1.002  1500
N.est[14,15]  1718.163  1883.643  2245.740 1.003   590
N.est[15,15]  1594.292  1819.030  2333.048 1.001 10000
N.est[16,15]  1468.224  1600.818  1893.059 1.001 10000
N.est[17,15]  1438.798  1564.862  1846.354 1.001 10000
N.est[18,15]  1359.160  1495.142  1803.097 1.001 10000
N.est[19,15]  1333.241  1607.093  2310.260 1.001 10000
N.est[20,15]  1294.972  1673.496  2719.771 1.002 10000
N.est[21,15]  1273.985  1731.396  3179.305 1.002 10000
N.est[22,15]  1237.475  1787.132  3598.345 1.001 10000
N.est[23,15]  1209.908  1838.094  4014.199 1.001 10000
N.est[24,15]  1185.759  1877.704  4616.061 1.001 10000
N.est[25,15]  1162.383  1917.339  5146.673 1.001 10000
N.est[26,15]  1136.110  1944.341  5706.372 1.001 10000
N.est[27,15]  1114.167  1976.561  6262.097 1.001 10000
N.est[28,15]  1089.416  2010.496  7122.741 1.001 10000
N.est[29,15]  1053.122  2048.177  7959.578 1.001 10000
N.est[30,15]  1027.160  2072.240  9007.807 1.001 10000
N.est[31,15]   997.377  2113.585  9714.197 1.001 10000
N.est[32,15]   970.797  2158.276 10697.582 1.001 10000
N.est[33,15]   946.085  2187.799 11461.409 1.001 10000
N.est[34,15]   930.244  2240.501 12786.663 1.001 10000
N.est[35,15]   903.295  2252.285 14075.881 1.001 10000
N.est[36,15]   877.698  2305.732 15069.757 1.002 10000
N.est[37,15]   853.129  2337.008 16984.355 1.002 10000
N.est[38,15]   828.203  2357.474 17926.478 1.002 10000
N.est[39,15]   818.377  2402.403 19843.570 1.001 10000
N.est[40,15]   796.428  2414.245 21042.413 1.001 10000
N.est[1,16]    173.546   222.102   352.007 1.001  7400
N.est[2,16]    174.924   222.384   349.635 1.002  2100
N.est[3,16]    176.750   219.328   330.193 1.001  3100
N.est[4,16]    177.930   212.265   299.237 1.001  2900
N.est[5,16]    179.557   199.727   248.325 1.002 10000
N.est[6,16]    180.423   217.154   314.621 1.001 10000
N.est[7,16]    181.470   229.624   357.082 1.001  8800
N.est[8,16]    182.540   239.922   411.881 1.001 10000
N.est[9,16]    182.944   249.481   452.921 1.001  5900
N.est[10,16]   182.948   256.009   488.268 1.001  4300
N.est[11,16]   183.710   263.368   518.564 1.001 10000
N.est[12,16]   185.097   266.842   545.296 1.001  8700
N.est[13,16]   186.458   273.160   576.286 1.002  7300
N.est[14,16]   187.904   276.491   596.517 1.002  5100
N.est[15,16]   188.981   282.074   629.203 1.002  7800
N.est[16,16]   189.770   285.049   646.320 1.002  3600
N.est[17,16]   189.659   286.171   654.191 1.003  2500
N.est[18,16]   190.816   289.139   664.088 1.003  3100
N.est[19,16]   193.277   292.897   672.654 1.003  2700
N.est[20,16]   193.944   296.236   691.079 1.004  1700
N.est[21,16]   195.803   297.374   675.925 1.004  2500
N.est[22,16]   196.638   295.559   670.467 1.004  3200
N.est[23,16]   197.566   296.822   672.219 1.004  2300
N.est[24,16]   199.673   295.772   660.264 1.005  1600
N.est[25,16]   199.979   292.488   642.794 1.004  1500
N.est[26,16]   201.312   292.739   624.436 1.004  1300
N.est[27,16]   201.661   290.280   589.297 1.003  1600
N.est[28,16]   203.649   288.422   559.705 1.003  1800
N.est[29,16]   204.852   282.230   530.383 1.003  1600
N.est[30,16]   206.302   277.098   491.554 1.002  2800
N.est[31,16]   209.139   272.194   452.911 1.001  7200
N.est[32,16]   210.106   264.556   409.230 1.001  2600
N.est[33,16]   209.998   251.579   351.725 1.003   690
N.est[34,16]   210.806   232.520   284.516 1.007   240
N.est[35,16]   249.309   271.285   320.254 1.001 10000
N.est[36,16]   278.395   301.854   355.072 1.001  6200
N.est[37,16]   311.552   339.080   398.817 1.003   870
N.est[38,16]   332.120   361.498   424.837 1.005   370
N.est[39,16]   300.932   331.621   402.276 1.001 10000
N.est[40,16]   305.492   337.213   410.739 1.001 10000
Ntot[1]      26119.154 29338.001 38135.027 1.001 10000
Ntot[2]      25285.238 28577.072 38049.391 1.001 10000
Ntot[3]      24099.074 27523.722 37709.507 1.001 10000
Ntot[4]      23123.677 26673.263 36960.221 1.001 10000
Ntot[5]      22317.867 25782.895 36939.525 1.001 10000
Ntot[6]      21793.499 25336.965 36681.580 1.001 10000
Ntot[7]      21472.729 25021.680 36656.643 1.001 10000
Ntot[8]      20644.579 24123.610 35367.345 1.001  4300
Ntot[9]      20263.508 23690.660 34606.972 1.001 10000
Ntot[10]     19812.178 23175.040 33694.783 1.001 10000
Ntot[11]     19378.727 22510.379 32611.033 1.001  4800
Ntot[12]     19302.005 22280.518 31887.098 1.001 10000
Ntot[13]     19644.392 22385.509 30822.759 1.001  8800
Ntot[14]     19858.074 22447.210 30327.149 1.001  6700
Ntot[15]     20286.942 22611.712 29184.711 1.001 10000
Ntot[16]     20535.427 22614.806 27910.535 1.002 10000
Ntot[17]     20865.428 22568.291 26365.599 1.002  1700
Ntot[18]     20899.098 22081.996 24706.921 1.002   970
Ntot[19]     21337.697 22551.976 25333.515 1.003   810
Ntot[20]     21362.586 22570.873 25282.970 1.003  3000
Ntot[21]     21206.220 22567.993 25505.150 1.004   780
Ntot[22]     20568.587 21923.966 24916.039 1.004  1200
Ntot[23]     19740.735 21132.848 24492.372 1.004   760
Ntot[24]     18832.953 20337.040 23950.112 1.003  2200
Ntot[25]     18316.791 19838.087 23845.468 1.002  2000
Ntot[26]     17538.430 19096.323 23300.287 1.002  2400
Ntot[27]     17052.795 18539.570 23050.363 1.002  9800
Ntot[28]     16483.732 17861.172 22936.650 1.001  5300
Ntot[29]     15292.949 16608.078 22319.196 1.001 10000
Ntot[30]     15659.451 17022.383 23521.816 1.002  4400
Ntot[31]     15848.261 17144.781 24478.232 1.002  3200
Ntot[32]     15579.869 16834.360 25204.015 1.003  3600
Ntot[33]     16305.037 17991.825 26608.929 1.004  2000
Ntot[34]     16731.763 18699.714 28295.106 1.004  1200
Ntot[35]     16864.037 19108.003 30331.938 1.004  1500
Ntot[36]     17647.101 20295.225 32581.689 1.007   450
Ntot[37]     17957.360 20875.965 35252.574 1.004   760
Ntot[38]     17931.111 21263.568 37367.847 1.006   690
Ntot[39]     18001.949 21692.167 39733.582 1.004   890
Ntot[40]     18077.944 21894.596 41173.188 1.004   890
logNtot[1]      10.170    10.287    10.549 1.001 10000
logNtot[2]      10.138    10.260    10.547 1.001 10000
logNtot[3]      10.090    10.223    10.538 1.001 10000
logNtot[4]      10.049    10.191    10.518 1.001 10000
logNtot[5]      10.013    10.157    10.517 1.001 10000
logNtot[6]       9.989    10.140    10.510 1.001 10000
logNtot[7]       9.975    10.127    10.509 1.001 10000
logNtot[8]       9.935    10.091    10.474 1.001  4000
logNtot[9]       9.917    10.073    10.452 1.001 10000
logNtot[10]      9.894    10.051    10.425 1.001 10000
logNtot[11]      9.872    10.022    10.392 1.001  4500
logNtot[12]      9.868    10.011    10.370 1.001 10000
logNtot[13]      9.886    10.016    10.336 1.001  8000
logNtot[14]      9.896    10.019    10.320 1.001  6200
logNtot[15]      9.918    10.026    10.281 1.001 10000
logNtot[16]      9.930    10.026    10.237 1.002 10000
logNtot[17]      9.946    10.024    10.180 1.002  1700
logNtot[18]      9.947    10.003    10.115 1.002   970
logNtot[19]      9.968    10.024    10.140 1.003   810
logNtot[20]      9.969    10.024    10.138 1.002  3100
logNtot[21]      9.962    10.024    10.147 1.004   790
logNtot[22]      9.932     9.995    10.123 1.004  1200
logNtot[23]      9.890     9.959    10.106 1.004   770
logNtot[24]      9.843     9.920    10.084 1.003  2300
logNtot[25]      9.816     9.895    10.079 1.002  2100
logNtot[26]      9.772     9.857    10.056 1.002  2500
logNtot[27]      9.744     9.828    10.045 1.002 10000
logNtot[28]      9.710     9.790    10.040 1.001  5400
logNtot[29]      9.635     9.718    10.013 1.001 10000
logNtot[30]      9.659     9.742    10.066 1.002  4500
logNtot[31]      9.671     9.749    10.106 1.002  3300
logNtot[32]      9.654     9.731    10.135 1.002  3700
logNtot[33]      9.699     9.798    10.189 1.003  2100
logNtot[34]      9.725     9.836    10.250 1.004  1200
logNtot[35]      9.733     9.858    10.320 1.004  1500
logNtot[36]      9.778     9.918    10.392 1.006   450
logNtot[37]      9.796     9.946    10.470 1.003   750
logNtot[38]      9.794     9.965    10.529 1.005   690
logNtot[39]      9.798     9.985    10.590 1.004   890
logNtot[40]      9.802     9.994    10.626 1.004   900
mean.r[1]        0.078     0.104     0.159 1.004   770
mean.r[2]        0.021     0.048     0.104 1.006   350
mean.r[3]        0.011     0.039     0.097 1.008   290
mean.r[4]        0.007     0.038     0.100 1.004   490
mean.r[5]        0.020     0.048     0.105 1.004   630
mean.r[6]       -0.048    -0.021     0.036 1.007   260
mean.r[7]        0.008     0.036     0.093 1.004   580
mean.r[8]       -0.048    -0.021     0.035 1.005   460
mean.r[9]       -0.006     0.021     0.076 1.007   300
mean.r[10]       0.032     0.059     0.116 1.007   320
mean.r[11]       0.009     0.039     0.097 1.006   310
mean.r[12]       0.081     0.107     0.163 1.004   450
mean.r[13]       0.008     0.034     0.088 1.004   540
mean.r[14]      -0.276    -0.237    -0.159 1.002  4400
mean.r[15]       0.003     0.042     0.118 1.003  1300
mean.r[16]       0.040     0.068     0.123 1.006   350
r.proj[1]        0.051     0.059     0.073 1.002  1200
r.proj[2]       -0.005     0.003     0.020 1.001  5300
r.proj[3]       -0.015    -0.006     0.010 1.001  2600
r.proj[4]       -0.019    -0.003     0.028 1.001  3600
r.proj[5]       -0.006     0.003     0.020 1.001 10000
r.proj[6]       -0.075    -0.066    -0.049 1.002  1800
r.proj[7]       -0.018    -0.008     0.011 1.001  4800
r.proj[8]       -0.075    -0.065    -0.047 1.001 10000
r.proj[9]       -0.032    -0.024    -0.009 1.001 10000
r.proj[10]       0.006     0.014     0.032 1.001 10000
r.proj[11]      -0.016    -0.003     0.022 1.001  4500
r.proj[12]       0.054     0.061     0.075 1.001  9600
r.proj[13]      -0.019    -0.010     0.008 1.001  2700
r.proj[14]      -0.302    -0.274    -0.216 1.002 10000
r.proj[15]      -0.024     0.004     0.060 1.001 10000
r.proj[16]       0.014     0.022     0.035 1.001  8700
r.tot[2]        -0.029     0.035     0.176 1.001 10000
r.tot[3]        -0.046     0.019     0.156 1.002 10000
r.tot[4]        -0.041     0.024     0.164 1.001 10000
r.tot[5]        -0.037     0.026     0.166 1.001 10000
r.tot[6]        -0.023     0.042     0.185 1.004 10000
r.tot[7]        -0.011     0.051     0.198 1.003 10000
r.tot[8]        -0.040     0.022     0.162 1.004  1800
r.tot[9]        -0.016     0.048     0.187 1.002  3600
r.tot[10]       -0.020     0.044     0.177 1.001 10000
r.tot[11]       -0.022     0.043     0.180 1.001  6000
r.tot[12]       -0.005     0.059     0.197 1.003  7000
r.tot[13]        0.016     0.080     0.212 1.004 10000
r.tot[14]        0.015     0.081     0.207 1.002 10000
r.tot[15]        0.018     0.079     0.207 1.002  2200
r.tot[16]        0.012     0.076     0.194 1.002 10000
r.tot[17]        0.014     0.078     0.200 1.004  2100
r.tot[18]        0.002     0.064     0.182 1.002 10000
r.tot[19]        0.020     0.071     0.170 1.001 10000
r.tot[20]        0.002     0.052     0.146 1.003  2700
r.tot[21]       -0.006     0.045     0.148 1.002  2100
r.tot[22]       -0.029     0.022     0.124 1.001 10000
r.tot[23]       -0.040     0.011     0.108 1.001  6400
r.tot[24]       -0.046     0.006     0.110 1.001  4000
r.tot[25]       -0.027     0.026     0.132 1.002 10000
r.tot[26]       -0.041     0.011     0.116 1.002 10000
r.tot[27]       -0.025     0.025     0.134 1.003  3900
r.tot[28]       -0.031     0.022     0.125 1.001 10000
r.tot[29]       -0.070    -0.019     0.082 1.004   680
r.tot[30]        0.027     0.075     0.177 1.005   460
r.tot[31]        0.013     0.063     0.166 1.002 10000
r.tot[32]       -0.008     0.042     0.143 1.001 10000
r.tot[33]        0.038     0.095     0.219 1.001  4200
r.tot[34]        0.026     0.084     0.205 1.002  2300
r.tot[35]        0.009     0.065     0.189 1.003 10000
r.tot[36]        0.044     0.103     0.228 1.006   290
r.tot[37]        0.017     0.072     0.207 1.003  2700
r.tot[38]        0.000     0.059     0.201 1.003  4400
r.tot[39]        0.000     0.063     0.214 1.001 10000
r.tot[40]        0.005     0.011     0.038 1.005  1700
sigma            0.229     0.255     0.282 1.176    14
deviance      -152.677  -108.299   -41.508 1.069    30

For each parameter, n.eff is a crude measure of effective sample size,
and Rhat is the potential scale reduction factor (at convergence, Rhat=1).

DIC info (using the rule, pD = var(deviance)/2)
pD = 2667.4 and DIC = 2504.5
DIC is an estimate of expected predictive error (lower deviance is better).
