-----------------------------------------------------

><> Run  Afr_penguin completed in 0 min and 34 sec <><
-----------------------------------------------------

><>><>><>><>><>><>><>><>><>><>><>><>><>><>
><> Input Afr_penguin census <><
><>><>><>><>><>><>><>><>><>><>><>><>><>><>

$assessment
[1] Afr_penguin
8 Levels: Afr_penguin Bluemarlin_Atl_CPUE Bluemarlin_ICCAT Cape_gannet ... StripedMarlin_IO_CPUE

$abundance
[1] census
Levels: census relative

$generation.length
[1] 9.9

$K.penalty
[1] FALSE

$sigma.obs.est
[1] TRUE

$sigma.obs.add
[1] 0.1

$sigma.proc.fixed
[1] FALSE

$prjr.type
[1] all
Levels: all

$proj.stoch
[1] FALSE

$start.year
[1] 1979

$end.year
[1] 2007


><>><>><>><>><>><>><>><>><>><>><>><>><>><>
><> Parameter Estimates Afr_penguin census <><
><>><>><>><>><>><>><>><>><>><>><>><>><>><>

                  Median    LCI   UCI Geweke.p Heidelberger.p
r.Dassen.Island    0.064 -0.067 0.204    0.620          0.150
r.Robben.Island    0.307  0.171 0.449    0.176          0.580
r.Boulders         0.295  0.153 0.439    0.315          0.141
r.Stony.Point      0.274  0.138 0.416    0.596          0.300
r.Dyer.Island     -0.029 -0.164 0.110    0.162          0.316
r.St.Croix.Island  0.029 -0.110 0.166    0.112          0.118
r.Bird.Island      0.102 -0.036 0.241    0.745          0.926
r.Mercury          0.090 -0.050 0.232    0.384          0.816
r.Ichaboe          0.047 -0.090 0.189    0.508          0.059
r.Halifax          0.081 -0.058 0.223    0.011          0.246
r.Possession       0.078 -0.062 0.224    0.959          0.900
sigma.proc         0.365  0.322 0.412    0.911          0.967

><>><>><>><>><>><>><>><>><>><>><>><>><>><>
><> JAGS output Afr_penguin census <><
><>><>><>><>><>><>><>><>><>><>><>><>><>><>

Inference for Bugs model at "C:/Work/Research/Github/JARA//Afr_penguin/output2007/jara.jags", fit using jags,
 2 chains, each with 6000 iterations (first 1000 discarded)
 n.sims = 10000 iterations saved
               mu.vect   sd.vect      2.5%       25%       50%       75%     97.5%  Rhat n.eff
N.est[1,1]   12570.497  1401.279 10040.142 11600.723 12502.205 13452.905 15548.296 1.002  1200
N.est[2,1]   11754.565  4323.534  5497.209  8677.560 11025.785 13986.141 22361.405 1.003 10000
N.est[3,1]   10871.072  5235.641  3990.181  7254.451  9783.633 13266.940 24139.722 1.004 10000
N.est[4,1]    9844.697  5307.319  3217.451  6183.218  8695.536 12185.456 23250.712 1.004 10000
N.est[5,1]    8820.464  4953.112  2724.832  5369.346  7733.710 11031.572 21104.304 1.005 10000
N.est[6,1]    7782.062  4243.353  2526.479  4811.143  6865.047  9587.949 18799.770 1.005 10000
N.est[7,1]    6726.144  3282.571  2471.045  4425.137  6059.068  8213.515 15185.069 1.005 10000
N.est[8,1]    5741.388  2114.855  2701.476  4241.409  5375.723  6835.781 10744.692 1.004  8100
N.est[9,1]    4804.298   542.657  3833.680  4429.168  4776.063  5141.994  5970.982 1.003   780
N.est[10,1]   6509.741  1789.059  3698.898  5250.969  6284.435  7519.817 10600.302 1.004 10000
N.est[11,1]   8283.743   915.677  6593.741  7656.828  8239.113  8861.481 10212.206 1.001  6500
N.est[12,1]   8842.277  2441.331  5041.645  7081.823  8522.457 10280.963 14435.235 1.004  4100
N.est[13,1]   8910.953   967.784  7156.580  8244.113  8859.415  9515.675 10962.238 1.001 10000
N.est[14,1]   7694.048   822.195  6213.228  7121.788  7645.439  8215.413  9412.991 1.001  7500
N.est[15,1]   7428.712   793.850  5994.759  6877.485  7386.544  7927.942  9121.783 1.004   500
N.est[16,1]   9280.067   985.856  7501.951  8591.128  9234.674  9901.687 11353.487 1.004   480
N.est[17,1]   9768.689  1044.102  7910.722  9046.211  9707.603 10413.895 12017.868 1.002  1300
N.est[18,1]   9520.605  1011.360  7703.926  8823.857  9466.979 10161.656 11629.598 1.001 10000
N.est[19,1]   8948.624   960.028  7220.204  8294.571  8902.871  9557.133 10978.842 1.002  1600
N.est[20,1]  11092.414  1175.519  8985.575 10270.858 11029.313 11838.561 13605.695 1.001 10000
N.est[21,1]  14984.454  1581.034 12083.639 13894.765 14919.400 15994.649 18358.766 1.002  1300
N.est[22,1]  17270.539  1836.799 13961.917 16020.541 17167.066 18395.090 21230.373 1.001 10000
N.est[23,1]  21221.392  2243.279 17189.285 19685.475 21098.767 22643.080 26040.763 1.001  4100
N.est[24,1]  22534.907  2365.151 18136.659 20941.721 22444.070 24050.291 27542.615 1.001  6800
N.est[25,1]  20790.230  2201.571 16802.404 19280.479 20655.983 22174.918 25438.465 1.002  1400
N.est[26,1]  24427.102  2550.285 19777.353 22653.151 24299.489 26067.277 29736.989 1.002  1300
N.est[27,1]  22014.730  2374.347 17719.718 20375.177 21909.978 23481.161 27130.349 1.001  2500
N.est[28,1]  13794.293  1452.325 11135.584 12796.226 13723.375 14714.597 16889.548 1.003   880
N.est[29,1]  12037.675  1341.162  9580.751 11118.410 11979.068 12885.939 14898.436 1.002  2200
N.est[30,1]  12024.715  1390.131  9497.366 11073.385 11952.000 12900.961 15005.115 1.002  2000
N.est[31,1]  12012.222  1441.193  9410.873 11023.755 11935.984 12914.713 15099.993 1.002  1800
N.est[32,1]  12000.194  1494.137  9330.337 10977.607 11921.074 12939.750 15189.348 1.002  1700
N.est[1,2]       7.409     3.271     2.952     5.098     6.774     8.996    15.490 1.002  1000
N.est[2,2]       8.210     3.908     3.096     5.485     7.428    10.007    18.046 1.002  3000
N.est[3,2]       8.974     3.993     3.545     6.135     8.213    11.005    18.856 1.005  6200
N.est[4,2]       9.516     3.398     4.489     7.104     8.998    11.305    17.554 1.003  5500
N.est[5,2]       9.872     1.140     7.915     9.073     9.785    10.571    12.339 1.014   120
N.est[6,2]      25.214     2.696    20.429    23.299    25.050    26.933    30.889 1.005   420
N.est[7,2]      98.273    10.560    78.963    90.949    97.738   105.179   120.096 1.004   450
N.est[8,2]     225.363    23.776   182.332   209.174   224.194   240.536   274.384 1.001  2800
N.est[9,2]     469.694    50.091   377.218   435.625   467.341   501.668   575.321 1.003   880
N.est[10,2]    813.165    86.492   653.750   753.424   810.397   868.210   996.136 1.002  1000
N.est[11,2]    862.184    91.895   701.638   797.621   856.576   921.647  1056.399 1.002  1200
N.est[12,2]   1281.050   136.087  1032.296  1186.611  1273.616  1367.295  1562.802 1.001  9100
N.est[13,2]   1837.447   193.461  1487.785  1702.421  1830.016  1960.906  2248.911 1.004   540
N.est[14,2]   2039.649   218.629  1651.092  1887.371  2031.251  2179.647  2498.317 1.001 10000
N.est[15,2]   2213.436   234.044  1794.857  2050.264  2198.537  2361.742  2711.728 1.001 10000
N.est[16,2]   2722.104   289.757  2191.233  2523.561  2706.566  2904.750  3339.913 1.002  1500
N.est[17,2]   2380.343   256.020  1918.222  2200.231  2368.774  2545.375  2911.470 1.003   600
N.est[18,2]   3061.120   324.307  2480.761  2833.922  3043.204  3269.471  3743.000 1.001  6300
N.est[19,2]   3342.159   352.760  2703.047  3096.674  3327.619  3563.927  4076.675 1.001 10000
N.est[20,2]   3541.052   371.369  2875.786  3280.649  3524.443  3770.403  4321.019 1.001  5500
N.est[21,2]   4414.961   470.382  3567.091  4087.623  4387.314  4710.249  5414.591 1.001  8700
N.est[22,2]   5422.764   572.634  4378.336  5017.443  5395.487  5792.021  6621.264 1.001  3300
N.est[23,2]   6411.311   682.262  5180.650  5944.831  6375.313  6846.356  7799.940 1.001  3300
N.est[24,2]   6989.473   735.108  5652.564  6484.755  6950.468  7460.735  8534.227 1.002  2200
N.est[25,2]   6209.746   660.439  5018.606  5752.292  6167.381  6625.479  7595.001 1.002  1600
N.est[26,2]   7618.155   801.537  6140.583  7069.412  7577.918  8129.050  9272.638 1.002  2400
N.est[27,2]   7122.410   756.290  5725.688  6601.802  7079.953  7598.531  8724.352 1.002  1700
N.est[28,2]   6010.800   641.727  4872.025  5567.427  5974.794  6425.266  7361.137 1.001  5100
N.est[29,2]   6122.075   685.215  4889.885  5648.644  6085.432  6556.672  7587.042 1.002  1200
N.est[30,2]   7809.237   916.975  6168.717  7174.929  7755.020  8387.041  9770.635 1.003   910
N.est[31,2]   9963.876  1243.060  7751.112  9113.686  9884.423 10739.677 12626.928 1.003   760
N.est[32,2]  12716.216  1699.395  9712.147 11546.842 12603.764 13774.163 16379.208 1.003   670
N.est[1,3]       1.631     0.788     0.601     1.079     1.473     2.000     3.589 1.004   530
N.est[2,3]       1.777     0.973     0.566     1.111     1.554     2.200     4.268 1.004  1000
N.est[3,3]       1.897     1.070     0.578     1.157     1.654     2.367     4.573 1.004  7000
N.est[4,3]       2.002     1.109     0.633     1.242     1.760     2.484     4.802 1.006 10000
N.est[5,3]       2.076     0.993     0.757     1.379     1.863     2.540     4.553 1.007 10000
N.est[6,3]       2.124     0.782     1.003     1.570     1.991     2.524     3.994 1.007 10000
N.est[7,3]       2.136     0.244     1.702     1.968     2.121     2.285     2.660 1.008   220
N.est[8,3]       4.136     1.134     2.372     3.327     4.001     4.777     6.790 1.004   960
N.est[9,3]       7.582     0.833     6.107     7.005     7.534     8.102     9.387 1.009   190
N.est[10,3]     30.500     3.311    24.416    28.203    30.377    32.621    37.318 1.019    88
N.est[11,3]     38.697     4.147    31.232    35.862    38.461    41.298    47.351 1.001 10000
N.est[12,3]     56.648     6.014    45.655    52.481    56.277    60.448    69.358 1.003   720
N.est[13,3]    124.843    13.417   100.052   115.498   124.442   133.461   152.931 1.006   310
N.est[14,3]    161.182    17.243   130.269   149.169   160.217   171.992   197.885 1.001 10000
N.est[15,3]    241.236    25.526   194.381   223.713   239.671   257.169   295.864 1.001 10000
N.est[16,3]    349.722    37.023   282.216   324.303   347.983   372.943   428.171 1.002  1400
N.est[17,3]    371.477    39.723   299.879   344.258   369.117   396.102   455.555 1.001  3400
N.est[18,3]    431.873    45.425   350.621   400.116   429.713   460.259   527.663 1.001  4500
N.est[19,3]    686.484    72.404   554.704   636.515   683.523   732.339   841.284 1.009   190
N.est[20,3]    589.724    63.060   477.826   545.626   585.416   628.977   726.498 1.004   520
N.est[21,3]    883.984    93.145   714.736   817.940   879.663   943.404  1078.641 1.002  1300
N.est[22,3]    954.713   101.048   774.459   883.433   949.664  1019.601  1166.930 1.001  2800
N.est[23,3]   1052.666   111.465   850.273   975.746  1048.342  1122.899  1286.624 1.001  4100
N.est[24,3]   1081.612   114.138   875.656  1001.319  1075.241  1154.095  1327.782 1.001  8300
N.est[25,3]   1052.261   112.241   849.986   974.061  1047.120  1122.183  1287.260 1.002  2200
N.est[26,3]   1187.914   126.512   963.154  1099.158  1181.567  1267.776  1455.662 1.001 10000
N.est[27,3]   1216.778   129.218   980.805  1127.147  1210.333  1298.000  1490.086 1.001  4400
N.est[28,3]   1070.431   113.473   863.623   991.406  1065.856  1141.859  1309.223 1.001 10000
N.est[29,3]    866.772    95.844   694.954   800.976   861.045   926.345  1071.878 1.004   500
N.est[30,3]   1089.019   126.085   864.802  1001.685  1081.065  1166.321  1359.219 1.005   390
N.est[31,3]   1368.649   168.586  1068.999  1252.538  1357.141  1471.086  1729.177 1.005   340
N.est[32,3]   1720.580   227.833  1318.376  1565.182  1703.796  1857.966  2215.306 1.006   300
N.est[1,4]       0.858     0.362     0.356     0.598     0.790     1.042     1.746 1.003   860
N.est[2,4]       0.926     0.394     0.391     0.648     0.851     1.114     1.921 1.004  1500
N.est[3,4]       0.983     0.344     0.472     0.738     0.928     1.169     1.803 1.005 10000
N.est[4,4]       1.012     0.111     0.815     0.935     1.005     1.080     1.250 1.001 10000
N.est[5,4]       1.146     0.128     0.925     1.055     1.138     1.225     1.419 1.027    63
N.est[6,4]       4.739     0.503     3.827     4.387     4.713     5.066     5.788 1.005   410
N.est[7,4]      11.043     1.186     8.898    10.208    10.986    11.806    13.531 1.001 10000
N.est[8,4]      25.753     2.811    20.569    23.824    25.617    27.581    31.555 1.004   440
N.est[9,4]      37.251    11.871    19.401    28.896    35.474    43.702    64.832 1.003  3700
N.est[10,4]     51.687    16.550    26.677    40.079    49.376    60.331    90.913 1.002 10000
N.est[11,4]     68.548     7.386    55.121    63.461    68.154    73.191    84.068 1.001  4800
N.est[12,4]     86.186     9.194    69.440    79.963    85.770    91.809   105.694 1.003   850
N.est[13,4]     76.268     8.115    61.600    70.634    75.929    81.387    93.439 1.001 10000
N.est[14,4]     57.240     6.071    46.036    53.070    56.997    61.097    69.940 1.001  4000
N.est[15,4]     41.789     4.470    33.655    38.681    41.549    44.620    51.407 1.001  2600
N.est[16,4]     44.570     4.906    35.863    41.134    44.281    47.659    54.936 1.001 10000
N.est[17,4]     52.862    17.652    26.132    40.288    50.479    62.393    95.248 1.004 10000
N.est[18,4]     60.682    23.547    26.821    43.923    56.596    72.935   119.519 1.003 10000
N.est[19,4]     67.719    23.316    33.280    51.300    64.161    79.897   124.100 1.002  4100
N.est[20,4]     72.874     8.207    58.150    67.223    72.348    78.087    90.253 1.001  2800
N.est[21,4]     89.524    24.462    51.111    72.185    86.390   103.491   145.666 1.004 10000
N.est[22,4]    103.469    11.296    83.092    95.639   102.961   110.683   127.251 1.002 10000
N.est[23,4]    111.596    12.051    89.398   103.292   111.021   119.294   136.822 1.001 10000
N.est[24,4]    120.231    33.185    68.078    96.697   115.750   138.689   196.461 1.004 10000
N.est[25,4]    121.644    13.127    98.012   112.602   120.886   130.065   149.493 1.001 10000
N.est[26,4]    105.575    11.316    85.264    97.817   104.758   112.708   130.152 1.009   200
N.est[27,4]    183.164    19.133   148.158   169.902   182.247   195.327   223.627 1.002  2200
N.est[28,4]    257.929    27.146   208.127   239.212   256.590   275.092   315.517 1.003   660
N.est[29,4]    266.099    29.807   213.453   245.739   264.340   284.553   329.674 1.003   740
N.est[30,4]    327.701    38.368   259.746   301.181   325.355   351.189   410.273 1.003   600
N.est[31,4]    403.656    49.994   315.046   368.743   400.683   434.239   511.787 1.004   510
N.est[32,4]    497.333    65.681   381.968   451.254   493.533   537.604   639.657 1.004   460
N.est[1,5]   22965.474  2580.623 18333.159 21150.842 22829.741 24593.776 28454.208 1.001 10000
N.est[2,5]   23571.227  8525.377 10988.192 17509.569 22089.624 28075.908 43951.792 1.004  5500
N.est[3,5]   23689.148 11094.447  8838.039 16030.989 21471.548 28697.103 51598.789 1.004  2400
N.est[4,5]   23400.846 12089.558  8101.126 14984.738 20926.829 28800.731 53823.470 1.002 10000
N.est[5,5]   22670.470 12020.637  7827.804 14522.656 20126.170 27824.233 51928.589 1.002 10000
N.est[6,5]   21371.891 10242.901  8167.939 14370.497 19303.427 26007.848 46325.454 1.003 10000
N.est[7,5]   19959.270  7221.607  9389.778 14782.214 18781.366 23832.996 37261.505 1.004 10000
N.est[8,5]   18302.001  2098.891 14505.700 16877.813 18193.299 19620.731 22701.344 1.002  1900
N.est[9,5]   15788.089  5460.224  7771.546 11913.643 14900.770 18675.196 28966.903 1.003 10000
N.est[10,5]  13185.539  5159.594  5940.492  9516.303 12267.569 15885.289 25643.877 1.002 10000
N.est[11,5]  10667.870  3616.369  5278.624  8099.222 10104.546 12584.569 19383.609 1.005 10000
N.est[12,5]   8350.500   914.894  6692.803  7725.099  8296.403  8920.424 10295.225 1.001  2700
N.est[13,5]   6373.392   682.534  5152.664  5902.238  6337.104  6801.009  7831.035 1.002  2000
N.est[14,5]   6895.621   740.378  5504.707  6393.037  6863.171  7372.939  8438.868 1.011   160
N.est[15,5]   2746.658   307.046  2219.111  2529.692  2725.717  2935.399  3401.753 1.021    78
N.est[16,5]   4437.929   471.878  3556.944  4115.769  4415.160  4738.610  5421.181 1.005   330
N.est[17,5]   4202.201   448.879  3390.133  3891.737  4182.438  4492.614  5154.749 1.001  2900
N.est[18,5]   3304.886   346.512  2677.235  3064.819  3288.532  3525.632  4045.717 1.001 10000
N.est[19,5]   2733.575   287.067  2211.913  2535.041  2720.897  2916.201  3337.421 1.001 10000
N.est[20,5]   2056.042   219.790  1668.303  1904.435  2042.982  2192.513  2527.501 1.006   270
N.est[21,5]   2339.479   247.692  1892.364  2169.256  2326.256  2496.253  2870.237 1.001  4300
N.est[22,5]   2228.189   235.938  1797.487  2063.762  2217.879  2382.273  2713.147 1.001 10000
N.est[23,5]   2109.726   227.590  1698.212  1953.701  2096.350  2250.081  2596.887 1.001 10000
N.est[24,5]   2138.690   223.423  1732.011  1985.908  2127.820  2282.268  2611.134 1.001 10000
N.est[25,5]   1977.237   209.495  1598.647  1832.535  1966.956  2108.512  2421.011 1.001 10000
N.est[26,5]   2192.167   231.809  1764.134  2030.931  2182.789  2338.397  2677.682 1.003   600
N.est[27,5]   2072.101   218.397  1669.601  1919.410  2059.819  2215.317  2524.876 1.001 10000
N.est[28,5]   2017.440   212.686  1637.010  1869.144  2006.895  2151.758  2469.706 1.001  2800
N.est[29,5]   1547.065   171.762  1237.913  1428.359  1539.210  1656.428  1906.315 1.001  3500
N.est[30,5]   1405.638   161.767  1114.754  1293.076  1397.844  1508.116  1745.677 1.001  3500
N.est[31,5]   1277.187   152.407  1003.539  1170.353  1269.538  1373.731  1598.913 1.001  3500
N.est[32,5]   1160.518   143.606   903.282  1059.397  1152.570  1251.444  1463.886 1.001  3500
N.est[1,6]   14031.428  1520.934 11289.879 12974.714 13960.436 14985.529 17258.386 1.001  6400
N.est[2,6]   14953.158  1637.510 12043.542 13794.083 14849.533 16004.418 18469.565 1.001 10000
N.est[3,6]   16605.749  5765.612  8054.789 12501.100 15665.324 19721.995 30569.988 1.006  3500
N.est[4,6]   17958.663  7740.919  7439.705 12503.364 16570.930 21750.785 37203.166 1.006 10000
N.est[5,6]   18881.125  8054.624  7860.454 13175.269 17413.830 22803.009 38827.432 1.006 10000
N.est[6,6]   19504.641  6888.936  9379.346 14535.536 18395.953 23239.363 35650.779 1.004 10000
N.est[7,6]   19474.686  2252.027 15438.395 17927.149 19340.805 20871.772 24223.999 1.001 10000
N.est[8,6]   20533.294  7542.475  9680.300 15174.323 19246.084 24384.679 38666.555 1.001 10000
N.est[9,6]   21432.956 10562.827  7902.450 14188.572 19173.165 25970.275 47696.828 1.005 10000
N.est[10,6]  22040.738 12180.791  7194.445 13711.842 19229.728 27072.741 53355.728 1.002 10000
N.est[11,6]  22228.066 12690.881  6987.914 13694.960 19320.459 27252.275 55057.945 1.004 10000
N.est[12,6]  22038.504 12311.182  7160.492 13766.292 19275.358 27070.692 53553.245 1.004 10000
N.est[13,6]  21435.499 10441.953  7765.739 14177.810 19264.946 26317.538 47411.646 1.003 10000
N.est[14,6]  20580.259  7703.345  9552.742 15195.877 19252.538 24438.811 39247.451 1.004 10000
N.est[15,6]  19463.755  2254.798 15402.667 17884.953 19362.571 20877.718 24211.531 1.002  1600
N.est[16,6]  19417.120  7015.866  9173.564 14458.225 18203.215 23088.274 36433.732 1.005 10000
N.est[17,6]  19149.542  8679.103  7484.679 13086.540 17464.811 23368.794 40720.337 1.008 10000
N.est[18,6]  18468.499  8946.524  6740.012 12233.382 16695.427 22518.623 41625.750 1.007 10000
N.est[19,6]  17387.486  7996.190  6828.100 11777.434 15819.585 21229.588 37400.535 1.006 10000
N.est[20,6]  15973.514  5736.221  7670.454 11914.723 15051.556 19072.018 29221.098 1.004 10000
N.est[21,6]  14298.683  1576.275 11416.954 13215.429 14212.988 15302.078 17610.359 1.001 10000
N.est[22,6]  15302.494  1644.348 12316.212 14177.410 15212.592 16344.031 18765.096 1.001 10000
N.est[23,6]  16467.524  1783.656 13216.718 15242.834 16362.638 17613.338 20267.914 1.003   670
N.est[24,6]  12776.838  3549.940  7218.528 10257.264 12314.521 14747.233 21178.513 1.004 10000
N.est[25,6]   9427.487  1026.467  7595.465  8722.886  9361.347 10074.921 11622.824 1.001  4600
N.est[26,6]   9460.972  1002.466  7637.092  8775.589  9398.643 10092.147 11585.383 1.005   390
N.est[27,6]   4689.455   510.136  3783.200  4342.486  4650.508  5012.565  5772.044 1.022    75
N.est[28,6]   7412.783   803.049  5958.659  6851.430  7382.130  7932.993  9112.646 1.014   110
N.est[29,6]   4584.731   509.484  3684.582  4226.380  4552.133  4908.160  5680.671 1.004   450
N.est[30,6]   4407.368   507.662  3513.811  4050.514  4375.672  4729.533  5498.527 1.004   460
N.est[31,6]   4237.017   505.966  3346.797  3880.624  4203.263  4557.155  5323.721 1.004   470
N.est[32,6]   4073.396   504.294  3190.683  3717.718  4040.070  4389.203  5161.348 1.004   480
N.est[1,7]     597.975   231.604   271.428   436.352   558.371   714.680  1175.199 1.001 10000
N.est[2,7]     599.176   200.606   300.902   454.807   568.117   711.739  1062.843 1.003 10000
N.est[3,7]     586.182    66.698   468.664   539.075   582.160   627.437   731.359 1.001  3600
N.est[4,7]     758.770   281.061   350.844   561.009   711.250   905.392  1435.151 1.003 10000
N.est[5,7]     968.603   475.234   347.397   642.364   867.340  1187.106  2177.742 1.002 10000
N.est[6,7]    1216.836   677.926   374.358   747.767  1058.180  1498.467  2971.054 1.003 10000
N.est[7,7]    1510.817   884.823   452.578   902.753  1292.784  1890.735  3810.024 1.003 10000
N.est[8,7]    1846.596  1088.270   543.228  1092.213  1582.496  2317.362  4577.489 1.002 10000
N.est[9,7]    2228.723  1267.553   702.810  1362.345  1952.617  2769.852  5485.830 1.003 10000
N.est[10,7]   2653.994  1313.032   955.870  1737.888  2374.678  3274.290  5978.396 1.002  9500
N.est[11,7]   3116.655  1165.812  1432.468  2287.778  2916.577  3723.167  5920.546 1.004  4500
N.est[12,7]   3606.942   393.874  2885.050  3338.395  3592.692  3856.878  4421.994 1.005   400
N.est[13,7]   3287.866   352.328  2653.704  3045.859  3267.257  3515.299  4028.863 1.001 10000
N.est[14,7]   3626.089   385.562  2917.269  3353.998  3609.789  3876.987  4418.974 1.005   390
N.est[15,7]   2440.339   264.257  1959.072  2260.831  2426.444  2605.836  3009.426 1.007   260
N.est[16,7]   3002.268   830.399  1715.769  2407.982  2888.717  3470.566  4932.756 1.002 10000
N.est[17,7]   3486.900   386.774  2781.515  3219.447  3473.115  3733.282  4291.751 1.005   400
N.est[18,7]   2553.610   711.390  1436.588  2051.131  2463.811  2949.977  4203.620 1.007  7300
N.est[19,7]   1755.506   197.038  1413.704  1619.421  1741.542  1877.868  2181.832 1.009   190
N.est[20,7]   2667.156   744.032  1513.645  2133.721  2565.487  3078.263  4381.040 1.003 10000
N.est[21,7]   3793.447   412.668  3035.781  3512.066  3772.533  4061.715  4645.441 1.002  1800
N.est[22,7]   4142.649   444.735  3339.540  3835.523  4120.376  4418.794  5060.468 1.001  3100
N.est[23,7]   4941.441   538.882  3940.689  4572.402  4923.429  5292.470  6041.808 1.017    99
N.est[24,7]   2423.595   662.428  1384.234  1948.537  2332.743  2802.756  3943.438 1.003  7700
N.est[25,7]   1113.507   129.825   888.591  1023.796  1104.223  1187.777  1406.527 1.041    44
N.est[26,7]   2747.532   299.089  2193.305  2542.645  2735.151  2939.016  3376.366 1.008   230
N.est[27,7]   3129.614   334.614  2522.407  2897.592  3114.449  3347.313  3826.195 1.003   730
N.est[28,7]   2710.038   286.201  2197.685  2513.033  2691.233  2892.006  3319.979 1.002  1100
N.est[29,7]   1501.325   169.944  1196.992  1385.631  1490.776  1604.017  1868.840 1.007   250
N.est[30,7]   1555.829   183.390  1228.640  1431.671  1545.500  1667.379  1953.602 1.007   250
N.est[31,7]   1612.626   199.925  1257.283  1475.729  1599.387  1735.035  2045.147 1.007   260
N.est[32,7]   1671.823   219.525  1286.146  1520.465  1656.657  1806.711  2145.918 1.007   270
N.est[1,8]    1220.409   588.601   451.557   811.421  1098.276  1488.637  2686.701 1.001 10000
N.est[2,8]    1275.692   724.737   403.190   782.250  1107.451  1582.269  3031.285 1.001  8100
N.est[3,8]    1312.340   808.099   381.716   773.638  1117.743  1622.928  3350.995 1.001 10000
N.est[4,8]    1325.211   794.938   380.672   785.149  1136.233  1655.037  3408.071 1.003 10000
N.est[5,8]    1327.112   759.115   413.295   807.469  1150.132  1642.479  3197.907 1.003 10000
N.est[6,8]    1309.340   655.758   473.754   850.348  1168.193  1596.509  3008.453 1.004 10000
N.est[7,8]    1261.590   481.207   582.988   919.646  1179.768  1509.636  2425.180 1.003  6200
N.est[8,8]    1197.685   133.856   961.252  1104.315  1188.770  1281.176  1485.598 1.005   390
N.est[9,8]    2117.817   229.905  1698.729  1959.119  2104.816  2264.749  2599.944 1.002  1800
N.est[10,8]   2750.140   759.885  1568.859  2212.817  2648.756  3173.676  4521.134 1.004  3200
N.est[11,8]   3354.030   362.570  2695.566  3103.523  3335.979  3587.455  4126.191 1.001  4100
N.est[12,8]   3553.513   378.592  2855.874  3292.072  3537.247  3789.834  4340.721 1.001 10000
N.est[13,8]   3674.887  1022.462  2081.484  2958.065  3537.594  4241.277  6077.538 1.005  9200
N.est[14,8]   3585.272   391.736  2881.252  3312.711  3567.613  3833.933  4423.266 1.001 10000
N.est[15,8]   3532.390   377.380  2838.183  3270.890  3512.388  3775.791  4318.074 1.003   750
N.est[16,8]   2237.381   240.640  1799.995  2069.502  2226.036  2390.176  2744.339 1.003   850
N.est[17,8]   2280.658   243.279  1839.123  2111.655  2268.545  2435.912  2801.853 1.001 10000
N.est[18,8]   2407.130   252.445  1948.164  2233.239  2392.286  2567.433  2942.402 1.001 10000
N.est[19,8]   2671.816   287.037  2162.733  2472.706  2654.489  2851.555  3280.129 1.001 10000
N.est[20,8]   2894.254   311.371  2331.888  2679.635  2879.890  3087.642  3546.253 1.001 10000
N.est[21,8]   3025.270   323.362  2437.289  2798.891  3010.996  3232.040  3704.987 1.001 10000
N.est[22,8]   2838.059   302.446  2288.064  2630.468  2821.635  3032.615  3470.516 1.001 10000
N.est[23,8]   2699.463   283.472  2186.315  2506.135  2686.372  2880.462  3301.383 1.001  4000
N.est[24,8]   3339.329   349.938  2695.824  3098.316  3327.119  3564.351  4069.824 1.003   740
N.est[25,8]   2771.170   295.895  2229.868  2567.059  2757.183  2953.964  3400.207 1.001  3100
N.est[26,8]   2131.080   226.851  1721.907  1973.680  2117.466  2274.167  2618.446 1.004   500
N.est[27,8]   2386.040   250.649  1933.818  2212.561  2371.461  2542.811  2920.710 1.002  1600
N.est[28,8]   1881.626   199.065  1521.829  1743.699  1869.239  2004.235  2298.190 1.002  1100
N.est[29,8]   2030.063   225.878  1621.390  1873.211  2015.297  2175.267  2497.827 1.001  5300
N.est[30,8]   2075.905   242.982  1639.721  1909.125  2062.093  2227.976  2586.922 1.001  5600
N.est[31,8]   2123.397   265.307  1652.475  1940.543  2106.934  2285.816  2686.644 1.001  6100
N.est[32,8]   2172.601   292.426  1658.226  1969.931  2151.998  2352.950  2795.839 1.001  6800
N.est[1,9]     852.486   410.612   311.596   561.918   768.124  1042.442  1903.581 1.002  1200
N.est[2,9]     882.883   490.465   280.972   545.969   769.956  1089.792  2137.571 1.003   900
N.est[3,9]     897.625   533.613   262.787   536.254   767.731  1113.205  2310.450 1.002  1900
N.est[4,9]     902.508   536.384   265.121   533.386   775.110  1123.917  2278.991 1.007  1600
N.est[5,9]     889.239   491.545   278.734   548.196   779.042  1112.312  2143.905 1.006  3000
N.est[6,9]     871.970   429.715   316.033   568.619   786.244  1068.952  1937.397 1.006  4300
N.est[7,9]     835.315   312.253   381.475   616.944   781.547   996.206  1585.295 1.007  2600
N.est[8,9]     786.556    88.349   630.011   725.061   781.190   840.558   981.424 1.005   360
N.est[9,9]    1342.421   145.942  1077.380  1240.048  1334.649  1436.740  1650.508 1.002  1700
N.est[10,9]   1825.133   499.135  1043.026  1473.443  1766.143  2102.671  3001.980 1.003 10000
N.est[11,9]   2333.085   252.949  1865.705  2160.054  2320.133  2497.582  2872.024 1.004   490
N.est[12,9]   1994.337   217.379  1608.892  1843.678  1981.805  2131.164  2460.177 1.001 10000
N.est[13,9]   2272.477   627.122  1297.818  1832.692  2186.558  2618.558  3761.437 1.006  7000
N.est[14,9]   2433.309   264.622  1952.944  2249.878  2418.278  2603.533  2990.486 1.001 10000
N.est[15,9]   2655.009   280.804  2135.067  2463.864  2640.487  2835.960  3246.851 1.001 10000
N.est[16,9]   2780.461   293.097  2246.721  2577.840  2764.415  2964.062  3403.063 1.001  2600
N.est[17,9]   3240.994   345.544  2605.260  3003.850  3226.111  3462.474  3964.065 1.002  1200
N.est[18,9]   2629.015   280.474  2115.305  2435.990  2615.203  2804.098  3219.467 1.001  8800
N.est[19,9]   1936.152   203.486  1571.956  1793.958  1923.823  2063.773  2368.175 1.001  3500
N.est[20,9]   1610.784   170.043  1305.971  1493.903  1600.757  1718.128  1968.303 1.002  1400
N.est[21,9]   1702.773   180.676  1371.743  1577.018  1693.383  1818.143  2082.468 1.001  4600
N.est[22,9]   1436.631   153.848  1161.180  1329.872  1425.572  1535.055  1763.173 1.004   490
N.est[23,9]   2178.706   232.469  1747.842  2017.811  2168.459  2327.310  2668.585 1.003   630
N.est[24,9]   2177.388   228.699  1762.507  2018.776  2167.735  2323.433  2655.787 1.001  5400
N.est[25,9]   2027.741   213.678  1635.906  1879.756  2018.654  2163.814  2475.030 1.006   330
N.est[26,9]    944.495   100.724   766.892   872.897   938.011  1008.941  1156.684 1.009   200
N.est[27,9]   1033.974   109.519   836.756   957.862  1029.362  1104.309  1264.377 1.003   870
N.est[28,9]    711.650    76.200   571.990   659.499   708.494   759.255   872.023 1.001  9500
N.est[29,9]    440.442    49.552   352.996   405.528   437.162   471.480   544.125 1.005   350
N.est[30,9]    431.968    50.969   342.672   396.629   428.030   464.132   538.412 1.005   430
N.est[31,9]    423.781    53.238   331.162   386.463   419.594   457.265   536.475 1.004   540
N.est[32,9]    415.869    56.164   318.952   376.217   411.250   451.094   535.141 1.003   700
N.est[1,10]    429.301   207.977   154.917   283.389   386.119   525.138   956.024 1.001 10000
N.est[2,10]    442.431   245.704   138.498   272.971   385.757   551.893  1070.628 1.003 10000
N.est[3,10]    454.096   265.248   133.247   270.250   393.057   565.512  1135.201 1.002 10000
N.est[4,10]    459.726   270.888   137.333   276.682   395.168   572.108  1156.438 1.003 10000
N.est[5,10]    456.138   251.138   139.784   282.151   400.272   564.018  1095.789 1.004 10000
N.est[6,10]    443.651   213.834   165.065   294.582   399.381   545.960   980.322 1.003  5700
N.est[7,10]    429.723   159.303   199.866   316.366   402.505   513.704   809.333 1.003  3800
N.est[8,10]    409.400    45.534   328.198   378.194   407.184   437.605   505.367 1.005   390
N.est[9,10]    659.186    72.158   525.661   609.678   655.929   704.493   811.677 1.002  1100
N.est[10,10]   797.219   253.445   413.843   615.421   762.708   940.862  1385.182 1.004 10000
N.est[11,10]   923.372   299.317   482.473   710.759   877.079  1086.993  1635.141 1.003  8200
N.est[12,10]  1021.112   115.016   813.979   940.231  1015.089  1094.028  1265.768 1.003   830
N.est[13,10]   876.259   241.715   499.359   705.942   844.123  1011.078  1439.325 1.003 10000
N.est[14,10]   708.041    77.115   570.048   654.550   703.712   756.267   871.076 1.001  3100
N.est[15,10]   707.437    74.592   570.026   657.048   704.037   754.213   866.343 1.001 10000
N.est[16,10]   667.469    70.078   539.193   619.568   664.550   710.925   813.436 1.003   890
N.est[17,10]   481.772    50.918   390.406   446.213   479.125   514.164   588.650 1.001  6600
N.est[18,10]   397.156    41.991   322.067   367.733   394.920   423.572   486.536 1.002  1100
N.est[19,10]   430.741    46.120   346.986   398.518   428.840   459.888   527.246 1.002  1700
N.est[20,10]   448.330    47.707   361.642   415.673   445.237   478.115   550.433 1.001  6900
N.est[21,10]   485.532    51.925   390.928   449.587   482.951   517.961   596.093 1.001  2500
N.est[22,10]   390.552    41.757   315.074   361.163   387.872   416.837   480.205 1.005   380
N.est[23,10]   509.802    53.730   412.515   472.283   507.596   544.051   622.170 1.003   700
N.est[24,10]   513.163    54.772   415.018   474.996   510.326   547.973   627.391 1.001 10000
N.est[25,10]   544.724    58.326   439.750   503.930   541.519   582.179   664.827 1.001  8900
N.est[26,10]   656.283    69.512   531.403   607.441   652.233   701.241   799.314 1.001  3900
N.est[27,10]   617.456    67.487   494.754   571.785   614.125   659.786   758.687 1.001  5000
N.est[28,10]   616.364   172.324   350.038   493.500   593.847   710.150  1012.732 1.005  7300
N.est[29,10]   572.517    64.670   456.260   527.590   568.820   612.995   709.989 1.002 10000
N.est[30,10]   580.859    68.887   457.571   532.497   576.095   624.503   727.799 1.001 10000
N.est[31,10]   589.496    74.497   455.834   537.181   584.264   636.800   747.504 1.001 10000
N.est[32,10]   598.438    81.350   454.238   541.330   592.587   650.377   770.016 1.001 10000
N.est[1,11]    359.230   173.512   133.704   238.296   324.410   439.240   792.695 1.001 10000
N.est[2,11]    373.285   207.263   119.363   231.205   326.423   462.175   900.642 1.001 10000
N.est[3,11]    381.077   226.744   110.778   227.556   328.184   472.745   963.510 1.001 10000
N.est[4,11]    381.428   226.729   109.337   225.601   326.465   477.253   949.186 1.002 10000
N.est[5,11]    377.483   212.013   118.058   230.835   328.777   472.044   913.539 1.003 10000
N.est[6,11]    368.253   180.465   133.444   240.970   331.833   454.285   811.566 1.002  6000
N.est[7,11]    355.601   129.508   164.786   264.389   334.170   422.961   664.007 1.003 10000
N.est[8,11]    339.348    37.729   272.663   312.871   336.512   363.047   420.137 1.003   930
N.est[9,11]    470.659    49.876   381.406   436.071   467.215   502.616   576.056 1.001  3300
N.est[10,11]   882.975    96.234   706.180   816.882   878.613   944.971  1082.955 1.011   150
N.est[11,11]   816.079   225.474   465.580   657.365   785.274   942.331  1343.747 1.002 10000
N.est[12,11]   712.337    79.356   568.504   658.257   709.182   763.052   881.319 1.001 10000
N.est[13,11]   714.565   198.834   402.833   573.960   687.912   825.328  1175.736 1.004 10000
N.est[14,11]   678.324    74.317   542.079   626.546   674.558   726.179   833.618 1.001 10000
N.est[15,11]   726.340    76.824   584.048   673.375   722.711   776.125   884.947 1.003   670
N.est[16,11]   530.910    56.833   428.233   491.557   528.160   566.847   650.403 1.003   620
N.est[17,11]   594.387    63.161   479.100   550.837   590.784   635.674   726.981 1.002  1500
N.est[18,11]   508.028    54.075   409.962   470.613   505.979   541.813   621.971 1.001 10000
N.est[19,11]   511.030    54.449   411.401   473.082   508.439   545.913   624.199 1.001 10000
N.est[20,11]   471.329    50.325   379.838   436.474   468.282   503.186   577.545 1.001 10000
N.est[21,11]   468.375    49.500   379.342   433.809   465.469   499.508   572.933 1.002  1400
N.est[22,11]   369.632    39.453   297.897   342.551   367.655   394.034   452.657 1.003   900
N.est[23,11]   367.462    38.931   295.006   341.013   365.701   391.852   448.047 1.002  1400
N.est[24,11]   402.765    42.766   324.132   372.883   400.513   430.091   492.913 1.001 10000
N.est[25,11]   381.875    40.570   308.623   353.431   379.290   408.089   466.118 1.001  3000
N.est[26,11]   442.650    47.001   358.298   409.861   440.078   472.794   541.555 1.001 10000
N.est[27,11]   460.927    49.441   370.671   426.842   457.969   492.280   565.668 1.002  1100
N.est[28,11]   372.970    39.894   302.066   345.483   370.657   398.090   457.899 1.003   800
N.est[29,11]   453.593    50.868   361.920   418.545   450.610   484.951   563.906 1.001  5100
N.est[30,11]   459.262    54.109   362.756   422.050   456.110   492.807   576.938 1.001  4800
N.est[31,11]   465.137    58.428   362.054   424.026   461.661   501.491   592.278 1.001  4800
N.est[32,11]   471.223    63.701   360.934   426.164   467.124   510.460   608.408 1.001  4900
Ntot[1]      53036.699  3392.592 46750.537 50730.567 52878.707 55198.981 60089.968 1.001 10000
Ntot[2]      53863.331  9726.636 38659.360 46966.446 52570.611 59493.446 76007.486 1.002 10000
Ntot[3]      54809.144 13589.106 33567.393 45247.064 52969.603 62098.081 86582.141 1.004 10000
Ntot[4]      55044.377 15294.367 32148.970 44329.958 52729.926 63240.724 91097.056 1.004  4500
Ntot[5]      54403.730 15309.696 31835.251 43732.048 52201.723 62344.040 89370.923 1.003  1800
Ntot[6]      52900.720 13090.153 33172.430 43743.523 50989.004 59814.266 83313.863 1.003  2500
Ntot[7]      50664.596  8264.426 37459.116 44833.614 49619.306 55317.181 69831.139 1.004  5600
Ntot[8]      49411.521  8243.239 36770.758 43556.178 48304.561 53861.960 68652.013 1.002 10000
Ntot[9]      49358.676 11990.277 32052.978 40974.379 47395.944 55389.439 78411.866 1.005  2800
Ntot[10]     51540.831 13542.239 32632.643 42163.593 49145.122 58076.528 84409.872 1.003  6200
Ntot[11]     52692.331 13329.904 35094.756 43701.901 50064.360 58463.210 86638.135 1.004  4500
Ntot[12]     51543.405 12577.259 35322.278 43070.966 48950.502 56900.434 82908.835 1.005  2700
Ntot[13]     49584.456 10598.503 35399.887 42259.763 47508.630 54576.808 76047.496 1.005  3400
Ntot[14]     48459.034  7814.733 37019.805 43103.467 47145.828 52361.920 67294.823 1.005  1500
Ntot[15]     42197.101  2505.114 37643.416 40441.605 42077.019 43783.407 47443.067 1.001 10000
Ntot[16]     45470.001  7187.251 34796.052 40373.456 44306.178 49258.699 62877.586 1.006  1400
Ntot[17]     46009.824  8784.907 33948.391 39910.429 44365.362 50298.615 67709.046 1.007  1800
Ntot[18]     43342.605  9038.556 31257.135 37073.569 41594.048 47465.081 66371.460 1.007  3600
Ntot[19]     40471.293  8074.646 29549.943 34758.279 38963.452 44430.457 60503.058 1.007  3700
Ntot[20]     41417.472  5919.317 32583.980 37174.340 40520.391 44663.381 55005.411 1.005  9500
Ntot[21]     46486.483  2380.973 42129.976 44858.930 46383.531 48050.937 51406.281 1.002  2100
Ntot[22]     50459.691  2584.669 45712.632 48712.078 50349.650 52110.254 55872.944 1.001  5300
Ntot[23]     58071.089  3014.095 52400.837 55975.338 57984.537 60047.406 64165.491 1.006   300
Ntot[24]     54497.991  4419.030 46822.921 51438.458 54120.609 57227.885 64265.256 1.003  1200
Ntot[25]     46417.622  2574.253 41731.934 44664.382 46296.092 48046.813 51938.543 1.003   670
Ntot[26]     51913.924  2905.364 46512.770 49927.408 51865.977 53783.923 57808.771 1.005   380
Ntot[27]     44926.647  2594.397 40221.060 43137.377 44786.394 46568.753 50434.760 1.001  7500
Ntot[28]     36856.324  1839.603 33400.214 35599.986 36804.053 38027.581 40610.907 1.001  4000
Ntot[29]     30422.358  1641.538 27382.415 29316.223 30351.174 31471.884 33845.399 1.006   280
Ntot[30]     32167.501  1794.441 28839.993 30961.079 32099.172 33310.382 35898.474 1.007   250
Ntot[31]     34477.044  2025.238 30730.633 33109.487 34396.809 35749.563 38657.132 1.008   230
Ntot[32]     37498.193  2377.128 33173.174 35882.211 37396.042 38992.687 42432.263 1.008   210
logNtot[1]      10.877     0.064    10.753    10.834    10.876    10.919    11.004 1.001 10000
logNtot[2]      10.879     0.175    10.563    10.757    10.870    10.994    11.239 1.002 10000
logNtot[3]      10.883     0.239    10.421    10.720    10.877    11.036    11.369 1.004 10000
logNtot[4]      10.880     0.266    10.378    10.699    10.873    11.055    11.420 1.004  5200
logNtot[5]      10.868     0.266    10.368    10.686    10.863    11.040    11.401 1.003  1900
logNtot[6]      10.848     0.236    10.409    10.686    10.839    10.999    11.330 1.003  2700
logNtot[7]      10.820     0.158    10.531    10.711    10.812    10.921    11.154 1.004  6200
logNtot[8]      10.795     0.160    10.512    10.682    10.785    10.894    11.137 1.002 10000
logNtot[9]      10.780     0.228    10.375    10.621    10.766    10.922    11.270 1.005  3100
logNtot[10]     10.820     0.242    10.393    10.649    10.803    10.970    11.343 1.003  7100
logNtot[11]     10.845     0.229    10.466    10.685    10.821    10.976    11.369 1.004  5000
logNtot[12]     10.825     0.218    10.472    10.671    10.799    10.949    11.325 1.004  2900
logNtot[13]     10.791     0.195    10.474    10.652    10.769    10.907    11.239 1.005  3700
logNtot[14]     10.777     0.152    10.519    10.671    10.761    10.866    11.117 1.005  1600
logNtot[15]     10.648     0.059    10.536    10.608    10.647    10.687    10.767 1.001 10000
logNtot[16]     10.713     0.151    10.457    10.606    10.699    10.805    11.049 1.006  1500
logNtot[17]     10.720     0.178    10.433    10.594    10.700    10.826    11.123 1.007  1900
logNtot[18]     10.658     0.192    10.350    10.521    10.636    10.768    11.103 1.007  4100
logNtot[19]     10.591     0.184    10.294    10.456    10.570    10.702    11.010 1.007  4100
logNtot[20]     10.622     0.137    10.392    10.523    10.610    10.707    10.915 1.005 10000
logNtot[21]     10.746     0.051    10.649    10.711    10.745    10.780    10.848 1.002  2100
logNtot[22]     10.828     0.051    10.730    10.794    10.827    10.861    10.931 1.001  5300
logNtot[23]     10.968     0.052    10.867    10.933    10.968    11.003    11.069 1.006   300
logNtot[24]     10.903     0.080    10.754    10.848    10.899    10.955    11.071 1.003  1200
logNtot[25]     10.744     0.055    10.639    10.707    10.743    10.780    10.858 1.003   670
logNtot[26]     10.856     0.056    10.747    10.818    10.856    10.893    10.965 1.005   380
logNtot[27]     10.711     0.057    10.602    10.672    10.710    10.749    10.828 1.001  7400
logNtot[28]     10.514     0.050    10.416    10.480    10.513    10.546    10.612 1.001  4000
logNtot[29]     10.321     0.054    10.218    10.286    10.321    10.357    10.430 1.006   280
logNtot[30]     10.377     0.056    10.270    10.340    10.377    10.414    10.488 1.007   250
logNtot[31]     10.446     0.059    10.333    10.408    10.446    10.484    10.562 1.008   230
logNtot[32]     10.530     0.063    10.409    10.488    10.529    10.571    10.656 1.008   210
mean.r[1]        0.066     0.070    -0.067     0.019     0.064     0.113     0.204 1.019   110
mean.r[2]        0.308     0.071     0.171     0.260     0.307     0.355     0.449 1.011   340
mean.r[3]        0.295     0.072     0.153     0.246     0.295     0.343     0.439 1.014   240
mean.r[4]        0.275     0.070     0.138     0.228     0.274     0.322     0.416 1.006   300
mean.r[5]       -0.029     0.070    -0.164    -0.076    -0.029     0.017     0.110 1.021   120
mean.r[6]        0.029     0.070    -0.110    -0.018     0.029     0.075     0.166 1.017   110
mean.r[7]        0.102     0.071    -0.036     0.054     0.102     0.150     0.241 1.019   120
mean.r[8]        0.089     0.072    -0.050     0.041     0.090     0.138     0.232 1.019   100
mean.r[9]        0.048     0.071    -0.090     0.000     0.047     0.095     0.189 1.023    93
mean.r[10]       0.081     0.072    -0.058     0.033     0.081     0.128     0.223 1.015   120
mean.r[11]       0.078     0.072    -0.062     0.030     0.078     0.126     0.224 1.016   120
r.proj[1]       -0.002     0.006    -0.013    -0.006    -0.002     0.003     0.011 1.002   990
r.proj[2]        0.243     0.016     0.212     0.232     0.243     0.253     0.274 1.003   610
r.proj[3]        0.228     0.017     0.194     0.216     0.228     0.239     0.260 1.005   360
r.proj[4]        0.208     0.015     0.178     0.197     0.208     0.218     0.237 1.004   490
r.proj[5]       -0.096     0.006    -0.108    -0.100    -0.096    -0.092    -0.084 1.001  8800
r.proj[6]       -0.040     0.006    -0.052    -0.044    -0.040    -0.036    -0.028 1.002  1900
r.proj[7]        0.035     0.014     0.007     0.026     0.035     0.045     0.062 1.002  2200
r.proj[8]        0.022     0.017    -0.012     0.010     0.022     0.033     0.055 1.001 10000
r.proj[9]       -0.020     0.017    -0.053    -0.031    -0.020    -0.009     0.014 1.001  3200
r.proj[10]       0.014     0.017    -0.020     0.002     0.014     0.026     0.047 1.001 10000
r.proj[11]       0.012     0.017    -0.021     0.000     0.012     0.023     0.045 1.001 10000
r.tot[2]         0.002     0.170    -0.311    -0.116    -0.006     0.112     0.359 1.002 10000
r.tot[3]         0.004     0.197    -0.379    -0.127     0.003     0.134     0.388 1.005 10000
r.tot[4]        -0.003     0.196    -0.387    -0.135    -0.004     0.130     0.385 1.008  1900
r.tot[5]        -0.012     0.197    -0.402    -0.144    -0.010     0.116     0.382 1.005  7100
r.tot[6]        -0.020     0.199    -0.418    -0.150    -0.017     0.113     0.370 1.004 10000
r.tot[7]        -0.028     0.196    -0.425    -0.154    -0.025     0.102     0.353 1.006  5600
r.tot[8]        -0.025     0.199    -0.422    -0.157    -0.028     0.108     0.371 1.001 10000
r.tot[9]        -0.015     0.189    -0.365    -0.145    -0.021     0.109     0.374 1.005  4300
r.tot[10]        0.040     0.181    -0.312    -0.082     0.039     0.158     0.396 1.003 10000
r.tot[11]        0.025     0.172    -0.317    -0.088     0.023     0.137     0.366 1.006 10000
r.tot[12]       -0.020     0.168    -0.359    -0.127    -0.018     0.091     0.307 1.008 10000
r.tot[13]       -0.033     0.153    -0.347    -0.130    -0.031     0.066     0.262 1.004 10000
r.tot[14]       -0.015     0.150    -0.329    -0.109    -0.007     0.084     0.266 1.005 10000
r.tot[15]       -0.128     0.148    -0.448    -0.218    -0.117    -0.023     0.126 1.006  1200
r.tot[16]        0.065     0.148    -0.193    -0.039     0.053     0.155     0.389 1.006  1100
r.tot[17]        0.007     0.145    -0.266    -0.089     0.000     0.097     0.312 1.005 10000
r.tot[18]       -0.063     0.144    -0.340    -0.157    -0.065     0.025     0.240 1.004 10000
r.tot[19]       -0.067     0.146    -0.358    -0.161    -0.065     0.026     0.222 1.006 10000
r.tot[20]        0.031     0.148    -0.286    -0.059     0.040     0.132     0.304 1.005  8100
r.tot[21]        0.124     0.136    -0.167     0.039     0.134     0.220     0.360 1.005 10000
r.tot[22]        0.082     0.070    -0.056     0.035     0.083     0.128     0.217 1.002  1500
r.tot[23]        0.140     0.069     0.003     0.095     0.141     0.187     0.277 1.005   350
r.tot[24]       -0.065     0.089    -0.233    -0.126    -0.068    -0.007     0.117 1.001 10000
r.tot[25]       -0.159     0.092    -0.344    -0.219    -0.157    -0.096     0.018 1.005   420
r.tot[26]        0.112     0.076    -0.036     0.060     0.113     0.163     0.258 1.007   230
r.tot[27]       -0.145     0.076    -0.295    -0.196    -0.145    -0.094     0.006 1.002  1200
r.tot[28]       -0.198     0.073    -0.342    -0.246    -0.196    -0.149    -0.055 1.001 10000
r.tot[29]       -0.192     0.070    -0.331    -0.239    -0.192    -0.145    -0.055 1.006   310
r.tot[30]        0.056     0.007     0.042     0.051     0.055     0.060     0.071 1.003   580
r.tot[31]        0.069     0.009     0.053     0.063     0.069     0.075     0.088 1.003   590
r.tot[32]        0.084     0.011     0.064     0.076     0.083     0.091     0.106 1.003   610
sigma            0.366     0.025     0.322     0.345     0.365     0.386     0.412 2.725     3
deviance      -323.016    45.587  -389.734  -355.389  -331.225  -298.417  -211.039 1.055    37

For each parameter, n.eff is a crude measure of effective sample size,
and Rhat is the potential scale reduction factor (at convergence, Rhat=1).

DIC info (using the rule, pD = var(deviance)/2)
pD = 1010.1 and DIC = 687.1
DIC is an estimate of expected predictive error (lower deviance is better).
