-----------------------------------------------------

><> Run  BSH_SAtl completed in 0 min and 18 sec <><
-----------------------------------------------------

><>><>><>><>><>><>><>><>><>><>><>><>><>><>
><> Input BSH_SAtl relative <><
><>><>><>><>><>><>><>><>><>><>><>><>><>><>

$assessment
[1] BSH_SAtl
7 Levels: Afr_penguin BSH_SAtl Cape_gannet ... StripedMarlin.IOTC

$abundance
[1] relative
Levels: census relative

$generation.time
[1] 10

$K.penalty
[1] FALSE

$sigma.obs.est
[1] TRUE

$sigma.obs.add
[1] 0.01

$sigma.proc.fixed
[1] FALSE

$prjr.type
[1] all
Levels: all

$proj.stoch
[1] FALSE

$start.year
[1] 1971

$end.year
[1] 2013


><>><>><>><>><>><>><>><>><>><>><>><>><>><>
><> Parameter Estimates BSH_SAtl relative <><
><>><>><>><>><>><>><>><>><>><>><>><>><>><>

       Median    LCI   UCI Geweke.p Heidelberger.p
mean.r -0.013 -0.029 0.007    0.423          0.765
sigma   0.055  0.037 0.082    0.894          0.877

><>><>><>><>><>><>><>><>><>><>><>><>><>><>
><> JAGS output BSH_SAtl relative <><
><>><>><>><>><>><>><>><>><>><>><>><>><>><>

Inference for Bugs model at "C:/Work/Research/Github/JARA//BSH_SAtl/output1/jara.jags", fit using jags,
 2 chains, each with 12000 iterations (first 1000 discarded), n.thin = 2
 n.sims = 11000 iterations saved
           mu.vect sd.vect     2.5%      25%      50%
Ntot[1]    245.285  12.792  221.264  236.538  244.821
Ntot[2]    233.885  11.287  212.443  226.101  233.548
Ntot[3]    225.766  11.115  204.802  218.132  225.631
Ntot[4]    220.593  11.193  199.060  212.968  220.468
Ntot[5]    219.029  11.342  197.002  211.497  218.899
Ntot[6]    221.438  11.434  199.529  213.683  221.255
Ntot[7]    223.855  11.475  202.535  215.960  223.505
Ntot[8]    223.294  11.117  202.758  215.680  222.861
Ntot[9]    221.284  11.115  200.761  213.671  220.836
Ntot[10]   218.299  11.004  197.074  210.947  218.036
Ntot[11]   214.800  10.883  193.673  207.564  214.699
Ntot[12]   213.266  10.979  192.423  205.775  212.975
Ntot[13]   212.732  10.680  192.530  205.532  212.466
Ntot[14]   213.853  10.792  193.990  206.292  213.525
Ntot[15]   213.727  10.641  194.233  206.290  213.250
Ntot[16]   212.284  11.008  192.114  204.838  211.744
Ntot[17]   208.371  10.357  189.464  201.332  207.840
Ntot[18]   201.601  10.233  182.844  194.635  201.029
Ntot[19]   191.583   9.649  173.965  184.955  191.052
Ntot[20]   178.981   8.889  162.996  172.831  178.517
Ntot[21]   165.942   8.002  150.586  160.569  165.866
Ntot[22]   154.872   7.551  140.332  149.717  154.845
Ntot[23]   144.758   6.991  131.163  139.990  144.638
Ntot[24]   137.086   6.446  124.662  132.664  136.996
Ntot[25]   129.874   6.185  117.728  125.748  129.853
Ntot[26]   125.094   5.938  113.750  121.061  125.015
Ntot[27]   122.702   5.687  111.767  118.863  122.652
Ntot[28]   123.331   5.699  112.281  119.473  123.293
Ntot[29]   124.792   5.710  113.737  120.884  124.691
Ntot[30]   126.238   5.945  115.302  122.133  125.962
Ntot[31]   123.432   5.585  112.563  119.584  123.344
Ntot[32]   120.234   5.533  109.625  116.435  120.153
Ntot[33]   120.388   5.559  109.717  116.692  120.349
Ntot[34]   121.564   5.566  110.788  117.846  121.544
Ntot[35]   126.077   5.707  115.181  122.176  126.001
Ntot[36]   129.936   5.918  118.619  125.890  129.824
Ntot[37]   131.823   6.025  120.265  127.770  131.652
Ntot[38]   132.553   6.087  120.739  128.450  132.434
Ntot[39]   134.232   6.063  122.571  130.119  134.107
Ntot[40]   135.991   6.179  124.228  131.774  135.847
Ntot[41]   137.098   6.357  125.288  132.725  136.918
Ntot[42]   138.158   6.680  125.648  133.507  137.971
Ntot[43]   139.352   8.011  124.603  133.768  139.091
Ntot[44]   137.497   8.093  122.647  131.833  137.216
Y.est[1]   245.285  12.792  221.264  236.538  244.821
Y.est[2]   233.885  11.287  212.443  226.101  233.548
Y.est[3]   225.766  11.115  204.802  218.132  225.631
Y.est[4]   220.593  11.193  199.060  212.968  220.468
Y.est[5]   219.029  11.342  197.002  211.497  218.899
Y.est[6]   221.438  11.434  199.529  213.683  221.255
Y.est[7]   223.855  11.475  202.535  215.960  223.505
Y.est[8]   223.294  11.117  202.758  215.680  222.861
Y.est[9]   221.284  11.115  200.761  213.671  220.836
Y.est[10]  218.299  11.004  197.074  210.947  218.036
Y.est[11]  214.800  10.883  193.673  207.564  214.699
Y.est[12]  213.266  10.979  192.423  205.775  212.975
Y.est[13]  212.732  10.680  192.530  205.532  212.466
Y.est[14]  213.853  10.792  193.990  206.292  213.525
Y.est[15]  213.727  10.641  194.233  206.290  213.250
Y.est[16]  212.284  11.008  192.114  204.838  211.744
Y.est[17]  208.371  10.357  189.464  201.332  207.840
Y.est[18]  201.601  10.233  182.844  194.635  201.029
Y.est[19]  191.583   9.649  173.965  184.955  191.052
Y.est[20]  178.981   8.889  162.996  172.831  178.517
Y.est[21]  165.942   8.002  150.586  160.569  165.866
Y.est[22]  154.872   7.551  140.332  149.717  154.845
Y.est[23]  144.758   6.991  131.163  139.990  144.638
Y.est[24]  137.086   6.446  124.662  132.664  136.996
Y.est[25]  129.874   6.185  117.728  125.748  129.853
Y.est[26]  125.094   5.938  113.750  121.061  125.015
Y.est[27]  122.702   5.687  111.767  118.863  122.652
Y.est[28]  123.331   5.699  112.281  119.473  123.293
Y.est[29]  124.792   5.710  113.737  120.884  124.691
Y.est[30]  126.238   5.945  115.302  122.133  125.962
Y.est[31]  123.432   5.585  112.563  119.584  123.344
Y.est[32]  120.234   5.533  109.625  116.435  120.153
Y.est[33]  120.388   5.559  109.717  116.692  120.349
Y.est[34]  121.564   5.566  110.788  117.846  121.544
Y.est[35]  126.077   5.707  115.181  122.176  126.001
Y.est[36]  129.936   5.918  118.619  125.890  129.824
Y.est[37]  131.823   6.025  120.265  127.770  131.652
Y.est[38]  132.553   6.087  120.739  128.450  132.434
Y.est[39]  134.232   6.063  122.571  130.119  134.107
Y.est[40]  135.991   6.179  124.228  131.774  135.847
Y.est[41]  137.098   6.357  125.288  132.725  136.918
Y.est[42]  138.158   6.680  125.648  133.507  137.971
Y.est[43]  139.352   8.011  124.603  133.768  139.091
Y.est[44]  137.497   8.093  122.647  131.833  137.216
mean.r      -0.012   0.009   -0.029   -0.019   -0.013
q            1.001   0.032    0.941    0.979    1.001
r[1]        -0.047   0.049   -0.148   -0.078   -0.047
r[2]        -0.035   0.048   -0.134   -0.067   -0.034
r[3]        -0.023   0.047   -0.117   -0.055   -0.023
r[4]        -0.007   0.048   -0.100   -0.039   -0.008
r[5]         0.011   0.049   -0.083   -0.023    0.009
r[6]         0.011   0.050   -0.085   -0.022    0.010
r[7]        -0.002   0.048   -0.097   -0.034   -0.002
r[8]        -0.009   0.047   -0.104   -0.039   -0.009
r[9]        -0.014   0.047   -0.106   -0.045   -0.013
r[10]       -0.016   0.049   -0.114   -0.048   -0.016
r[11]       -0.007   0.049   -0.104   -0.039   -0.007
r[12]       -0.002   0.048   -0.095   -0.034   -0.003
r[13]        0.005   0.048   -0.088   -0.028    0.005
r[14]       -0.001   0.048   -0.097   -0.032    0.000
r[15]       -0.007   0.050   -0.104   -0.039   -0.007
r[16]       -0.019   0.049   -0.117   -0.049   -0.019
r[17]       -0.033   0.047   -0.125   -0.064   -0.033
r[18]       -0.051   0.048   -0.150   -0.083   -0.050
r[19]       -0.068   0.047   -0.161   -0.099   -0.068
r[20]       -0.076   0.048   -0.173   -0.107   -0.074
r[21]       -0.069   0.048   -0.162   -0.100   -0.069
r[22]       -0.068   0.048   -0.164   -0.099   -0.067
r[23]       -0.054   0.047   -0.147   -0.085   -0.055
r[24]       -0.054   0.047   -0.151   -0.085   -0.053
r[25]       -0.037   0.046   -0.130   -0.068   -0.037
r[26]       -0.019   0.045   -0.107   -0.049   -0.020
r[27]        0.005   0.046   -0.085   -0.025    0.005
r[28]        0.012   0.047   -0.081   -0.019    0.011
r[29]        0.011   0.046   -0.077   -0.018    0.010
r[30]       -0.022   0.047   -0.118   -0.053   -0.021
r[31]       -0.026   0.047   -0.120   -0.057   -0.026
r[32]        0.001   0.046   -0.091   -0.029    0.001
r[33]        0.010   0.047   -0.084   -0.021    0.010
r[34]        0.036   0.046   -0.052    0.005    0.036
r[35]        0.030   0.046   -0.059    0.000    0.030
r[36]        0.014   0.046   -0.080   -0.016    0.015
r[37]        0.006   0.046   -0.088   -0.024    0.006
r[38]        0.013   0.046   -0.078   -0.018    0.013
r[39]        0.013   0.046   -0.079   -0.017    0.013
r[40]        0.008   0.046   -0.085   -0.023    0.008
r[41]        0.008   0.046   -0.082   -0.023    0.007
r[42]        0.008   0.049   -0.088   -0.025    0.007
r[43]       -0.013   0.002   -0.017   -0.015   -0.013
r[44]       -0.013   0.002   -0.017   -0.015   -0.013
r.proj      -0.013   0.002   -0.017   -0.015   -0.013
sigma        0.057   0.012    0.037    0.048    0.055
deviance  -115.569   5.996 -125.759 -119.844 -116.101
               75%    97.5%  Rhat n.eff
Ntot[1]    253.757  271.497 1.002  1400
Ntot[2]    241.339  256.616 1.001 11000
Ntot[3]    233.343  247.789 1.004   900
Ntot[4]    228.148  242.777 1.003   910
Ntot[5]    226.553  242.041 1.002  1300
Ntot[6]    228.967  244.846 1.001  3000
Ntot[7]    231.219  247.625 1.003   610
Ntot[8]    230.532  246.623 1.003   830
Ntot[9]    228.428  244.491 1.002  2200
Ntot[10]   225.305  240.432 1.001  7600
Ntot[11]   221.942  236.917 1.001  3200
Ntot[12]   220.314  235.949 1.001 11000
Ntot[13]   219.669  234.771 1.001  5600
Ntot[14]   221.051  236.016 1.001 11000
Ntot[15]   220.772  235.751 1.003   890
Ntot[16]   219.184  236.008 1.001 11000
Ntot[17]   214.938  230.121 1.001  3100
Ntot[18]   208.034  223.010 1.003   760
Ntot[19]   197.831  211.602 1.002  1100
Ntot[20]   184.551  197.928 1.001 11000
Ntot[21]   171.178  182.432 1.003 11000
Ntot[22]   159.909  169.576 1.001 11000
Ntot[23]   149.360  158.699 1.001 11000
Ntot[24]   141.285  150.140 1.001 11000
Ntot[25]   134.021  142.047 1.003   620
Ntot[26]   128.990  137.040 1.001 11000
Ntot[27]   126.499  134.033 1.001 11000
Ntot[28]   127.190  134.524 1.001 11000
Ntot[29]   128.568  136.110 1.001 11000
Ntot[30]   130.182  138.407 1.001  3900
Ntot[31]   127.099  134.765 1.001 11000
Ntot[32]   123.935  131.286 1.003   870
Ntot[33]   124.064  131.416 1.001  3400
Ntot[34]   125.275  132.572 1.001 11000
Ntot[35]   129.846  137.477 1.001 11000
Ntot[36]   133.726  142.047 1.001 11000
Ntot[37]   135.709  144.000 1.001 11000
Ntot[38]   136.516  144.726 1.001 11000
Ntot[39]   138.195  146.706 1.001 11000
Ntot[40]   140.076  148.455 1.001 11000
Ntot[41]   141.264  150.096 1.002  2300
Ntot[42]   142.636  151.539 1.002  1400
Ntot[43]   144.554  155.964 1.002  1000
Ntot[44]   142.757  154.292 1.002  1000
Y.est[1]   253.757  271.497 1.002  1400
Y.est[2]   241.339  256.616 1.001 11000
Y.est[3]   233.343  247.789 1.004   900
Y.est[4]   228.148  242.777 1.003   910
Y.est[5]   226.553  242.041 1.002  1300
Y.est[6]   228.967  244.846 1.001  3000
Y.est[7]   231.219  247.625 1.003   610
Y.est[8]   230.532  246.623 1.003   830
Y.est[9]   228.428  244.491 1.002  2200
Y.est[10]  225.305  240.432 1.001  7600
Y.est[11]  221.942  236.917 1.001  3200
Y.est[12]  220.314  235.949 1.001 11000
Y.est[13]  219.669  234.771 1.001  5600
Y.est[14]  221.051  236.016 1.001 11000
Y.est[15]  220.772  235.751 1.003   890
Y.est[16]  219.184  236.008 1.001 11000
Y.est[17]  214.938  230.121 1.001  3100
Y.est[18]  208.034  223.010 1.003   760
Y.est[19]  197.831  211.602 1.002  1100
Y.est[20]  184.551  197.928 1.001 11000
Y.est[21]  171.178  182.432 1.003 11000
Y.est[22]  159.909  169.576 1.001 11000
Y.est[23]  149.360  158.699 1.001 11000
Y.est[24]  141.285  150.140 1.001 11000
Y.est[25]  134.021  142.047 1.003   620
Y.est[26]  128.990  137.040 1.001 11000
Y.est[27]  126.499  134.033 1.001 11000
Y.est[28]  127.190  134.524 1.001 11000
Y.est[29]  128.568  136.110 1.001 11000
Y.est[30]  130.182  138.407 1.001  3900
Y.est[31]  127.099  134.765 1.001 11000
Y.est[32]  123.935  131.286 1.003   870
Y.est[33]  124.064  131.416 1.001  3400
Y.est[34]  125.275  132.572 1.001 11000
Y.est[35]  129.846  137.477 1.001 11000
Y.est[36]  133.726  142.047 1.001 11000
Y.est[37]  135.709  144.000 1.001 11000
Y.est[38]  136.516  144.726 1.001 11000
Y.est[39]  138.195  146.706 1.001 11000
Y.est[40]  140.076  148.455 1.001 11000
Y.est[41]  141.264  150.096 1.002  2300
Y.est[42]  142.636  151.539 1.002  1400
Y.est[43]  144.554  155.964 1.002  1000
Y.est[44]  142.757  154.292 1.002  1000
mean.r      -0.006    0.007 1.034    52
q            1.023    1.066 1.001 11000
r[1]        -0.015    0.047 1.003  2700
r[2]        -0.003    0.055 1.006   530
r[3]         0.009    0.069 1.001 11000
r[4]         0.024    0.090 1.003 11000
r[5]         0.043    0.110 1.001  9500
r[6]         0.042    0.112 1.006   270
r[7]         0.029    0.093 1.004 11000
r[8]         0.021    0.083 1.001  5200
r[9]         0.017    0.079 1.001  9200
r[10]        0.016    0.078 1.001 11000
r[11]        0.026    0.089 1.002  2100
r[12]        0.028    0.091 1.001  3100
r[13]        0.037    0.100 1.001 11000
r[14]        0.032    0.093 1.003   620
r[15]        0.025    0.091 1.003   850
r[16]        0.013    0.078 1.002  3200
r[17]       -0.002    0.060 1.002  2500
r[18]       -0.019    0.040 1.001 11000
r[19]       -0.037    0.025 1.002  1900
r[20]       -0.043    0.015 1.001 11000
r[21]       -0.038    0.024 1.001 11000
r[22]       -0.036    0.026 1.001 11000
r[23]       -0.024    0.041 1.002 11000
r[24]       -0.023    0.038 1.003   930
r[25]       -0.006    0.054 1.003   800
r[26]        0.010    0.072 1.001 11000
r[27]        0.035    0.098 1.001 11000
r[28]        0.042    0.107 1.001  6000
r[29]        0.041    0.106 1.001 11000
r[30]        0.009    0.067 1.001  4100
r[31]        0.005    0.063 1.003   870
r[32]        0.032    0.092 1.001  3700
r[33]        0.041    0.103 1.001  2900
r[34]        0.066    0.130 1.001 11000
r[35]        0.060    0.124 1.001 11000
r[36]        0.045    0.106 1.001 11000
r[37]        0.037    0.096 1.001 11000
r[38]        0.043    0.105 1.001 11000
r[39]        0.043    0.103 1.001 11000
r[40]        0.038    0.101 1.001  4900
r[41]        0.037    0.100 1.001 11000
r[42]        0.040    0.106 1.001 11000
r[43]       -0.012   -0.010 1.002  2100
r[44]       -0.012   -0.010 1.002  2100
r.proj      -0.012   -0.010 1.002  2100
sigma        0.063    0.082 1.010   160
deviance  -111.925 -102.374 1.001 11000

For each parameter, n.eff is a crude measure of effective sample size,
and Rhat is the potential scale reduction factor (at convergence, Rhat=1).

DIC info (using the rule, pD = var(deviance)/2)
pD = 18.0 and DIC = -97.6
DIC is an estimate of expected predictive error (lower deviance is better).
