-----------------------------------------------------

><> Run  St_Joseph completed in 0 min and 15 sec <><
-----------------------------------------------------

><>><>><>><>><>><>><>><>><>><>><>><>><>><>
><> Input St_Joseph relative <><
><>><>><>><>><>><>><>><>><>><>><>><>><>><>

$assessment
[1] St_Joseph
10 Levels: Afr_penguin BSH_SAtl Cape_gannet Chin_penguin Mountain_zebra ... Yellowspot_skate

$abundance
[1] relative
Levels: census relative

$generation.time
[1] 10.9

$K.penalty
[1] FALSE

$sigma.obs.est
[1] TRUE

$sigma.obs.add
[1] 0.1

$sigma.proc.fixed
[1] FALSE

$prjr.type
[1] all
Levels: all

$proj.stoch
[1] FALSE

$start.year
[1] 1991

$end.year
[1] 2017


><>><>><>><>><>><>><>><>><>><>><>><>><>><>
><> Parameter Estimates St_Joseph relative <><
><>><>><>><>><>><>><>><>><>><>><>><>><>><>

       Median    LCI   UCI Geweke.p Heidelberger.p
mean.r  0.015 -0.010 0.044    0.861          0.553
sigma   0.046  0.019 0.124    0.342          0.267

><>><>><>><>><>><>><>><>><>><>><>><>><>><>
><> JAGS output St_Joseph relative <><
><>><>><>><>><>><>><>><>><>><>><>><>><>><>

Inference for Bugs model at "C:/Work/Research/Github/JARA//St_Joseph/output1/jara.jags", fit using jags,
 2 chains, each with 12000 iterations (first 1000 discarded), n.thin = 2
 n.sims = 11000 iterations saved
            mu.vect  sd.vect      2.5%       25%       50%       75%     97.5%  Rhat
Ntot[1]   20793.367 2147.435 16758.035 19345.363 20719.408 22158.510 25186.633 1.001
Ntot[2]   21575.867 1994.959 17898.454 20199.922 21496.270 22855.809 25768.253 1.001
Ntot[3]   21954.828 1951.100 18369.781 20624.011 21865.613 23202.573 26025.585 1.001
Ntot[4]   22148.487 1898.963 18672.561 20855.270 22067.985 23338.393 26131.984 1.001
Ntot[5]   22113.532 1874.488 18579.487 20845.042 22056.394 23321.699 25973.296 1.001
Ntot[6]   22399.415 1896.260 18719.739 21143.856 22354.256 23618.157 26222.732 1.001
Ntot[7]   23079.662 1976.259 19368.038 21731.822 23030.503 24324.658 27203.789 1.001
Ntot[8]   23617.401 2204.954 19636.353 22149.062 23506.925 24932.802 28182.599 1.001
Ntot[9]   24088.436 2229.926 20107.397 22582.547 23970.943 25405.115 28938.460 1.001
Ntot[10]  24371.598 2380.465 20142.011 22783.585 24254.691 25756.920 29423.570 1.001
Ntot[11]  24645.238 2418.931 20386.649 23031.222 24522.703 26088.115 29747.455 1.001
Ntot[12]  24969.724 2349.793 20787.391 23369.575 24847.356 26451.092 29863.893 1.001
Ntot[13]  25253.993 2376.268 20916.592 23612.308 25143.224 26776.446 30151.816 1.001
Ntot[14]  25274.510 2525.857 20578.266 23573.270 25155.077 26885.605 30566.918 1.001
Ntot[15]  25953.073 2730.822 21060.643 24096.934 25790.359 27636.922 31739.113 1.001
Ntot[16]  25556.137 2629.199 20704.738 23735.667 25460.844 27266.957 30983.263 1.001
Ntot[17]  25467.113 2812.114 20107.011 23549.558 25393.607 27275.767 31247.972 1.001
Ntot[18]  25615.893 2994.765 19934.800 23581.892 25541.762 27584.219 31849.112 1.001
Ntot[19]  26634.061 3072.932 21041.173 24534.693 26476.369 28588.075 33110.899 1.001
Ntot[20]  27384.849 3153.995 21699.090 25184.829 27209.867 29378.549 33957.903 1.001
Ntot[21]  27862.705 3430.743 21677.177 25488.920 27654.901 30043.740 34946.827 1.001
Ntot[22]  27984.585 3606.600 21443.285 25484.848 27751.619 30289.828 35507.463 1.002
Ntot[23]  28049.461 3777.702 21315.204 25412.063 27818.993 30437.188 36055.897 1.001
Ntot[24]  28517.327 3886.145 21553.751 25816.035 28286.060 30955.290 36856.562 1.002
Ntot[25]  29124.115 4073.722 22012.954 26286.035 28839.175 31674.702 37755.163 1.001
Ntot[26]  29297.096 4242.847 21855.079 26348.389 29001.477 31968.089 38340.461 1.002
Ntot[27]  29917.750 4702.010 21662.047 26647.577 29556.491 32778.809 40040.703 1.002
Ntot[28]  30360.170 4959.399 21697.086 26882.860 29955.328 33365.279 41141.006 1.002
Ntot[29]  30810.746 5226.947 21750.943 27142.346 30362.007 33965.534 42252.751 1.002
Ntot[30]  31269.650 5504.701 21798.709 27399.016 30785.958 34565.408 43361.280 1.002
Ntot[31]  31737.054 5792.743 21830.517 27675.074 31220.502 35212.642 44506.953 1.002
Ntot[32]  32213.135 6091.179 21850.049 27938.135 31657.585 35859.624 45666.924 1.002
Ntot[33]  32698.075 6400.147 21873.155 28175.839 32102.823 36503.856 46963.683 1.002
Ntot[34]  33192.059 6719.808 21884.591 28450.213 32530.262 37203.771 48136.916 1.002
Ntot[35]  33695.276 7050.345 21887.913 28706.090 32963.165 37881.788 49481.813 1.002
Y.est[1]  20793.367 2147.435 16758.035 19345.363 20719.408 22158.510 25186.633 1.001
Y.est[2]  21575.867 1994.959 17898.454 20199.922 21496.270 22855.809 25768.253 1.001
Y.est[3]  21954.828 1951.100 18369.781 20624.011 21865.613 23202.573 26025.585 1.001
Y.est[4]  22148.487 1898.963 18672.561 20855.270 22067.985 23338.393 26131.984 1.001
Y.est[5]  22113.532 1874.488 18579.487 20845.042 22056.394 23321.699 25973.296 1.001
Y.est[6]  22399.415 1896.260 18719.739 21143.856 22354.256 23618.157 26222.732 1.001
Y.est[7]  23079.662 1976.259 19368.038 21731.822 23030.503 24324.658 27203.789 1.001
Y.est[8]  23617.401 2204.954 19636.353 22149.062 23506.925 24932.802 28182.599 1.001
Y.est[9]  24088.436 2229.926 20107.397 22582.547 23970.943 25405.115 28938.460 1.001
Y.est[10] 24371.598 2380.465 20142.011 22783.585 24254.691 25756.920 29423.570 1.001
Y.est[11] 24645.238 2418.931 20386.649 23031.222 24522.703 26088.115 29747.455 1.001
Y.est[12] 24969.724 2349.793 20787.391 23369.575 24847.356 26451.092 29863.893 1.001
Y.est[13] 25253.993 2376.268 20916.592 23612.308 25143.224 26776.446 30151.816 1.001
Y.est[14] 25274.510 2525.857 20578.266 23573.270 25155.077 26885.605 30566.918 1.001
Y.est[15] 25953.073 2730.822 21060.643 24096.934 25790.359 27636.922 31739.113 1.001
Y.est[16] 25556.137 2629.199 20704.738 23735.667 25460.844 27266.957 30983.263 1.001
Y.est[17] 25467.113 2812.114 20107.011 23549.558 25393.607 27275.767 31247.972 1.001
Y.est[18] 25615.893 2994.765 19934.800 23581.892 25541.762 27584.219 31849.112 1.001
Y.est[19] 26634.061 3072.932 21041.173 24534.693 26476.369 28588.075 33110.899 1.001
Y.est[20] 27384.849 3153.995 21699.090 25184.829 27209.867 29378.549 33957.903 1.001
Y.est[21] 27862.705 3430.743 21677.177 25488.920 27654.901 30043.740 34946.827 1.001
Y.est[22] 27984.585 3606.600 21443.285 25484.848 27751.619 30289.828 35507.463 1.002
Y.est[23] 28049.461 3777.702 21315.204 25412.063 27818.993 30437.188 36055.897 1.001
Y.est[24] 28517.327 3886.145 21553.751 25816.035 28286.060 30955.290 36856.562 1.002
Y.est[25] 29124.115 4073.722 22012.954 26286.035 28839.175 31674.702 37755.163 1.001
Y.est[26] 29297.096 4242.847 21855.079 26348.389 29001.477 31968.089 38340.461 1.002
Y.est[27] 29917.750 4702.010 21662.047 26647.577 29556.491 32778.809 40040.703 1.002
Y.est[28] 30360.170 4959.399 21697.086 26882.860 29955.328 33365.279 41141.006 1.002
Y.est[29] 30810.746 5226.947 21750.943 27142.346 30362.007 33965.534 42252.751 1.002
Y.est[30] 31269.650 5504.701 21798.709 27399.016 30785.958 34565.408 43361.280 1.002
Y.est[31] 31737.054 5792.743 21830.517 27675.074 31220.502 35212.642 44506.953 1.002
Y.est[32] 32213.135 6091.179 21850.049 27938.135 31657.585 35859.624 45666.924 1.002
Y.est[33] 32698.075 6400.147 21873.155 28175.839 32102.823 36503.856 46963.683 1.002
Y.est[34] 33192.059 6719.808 21884.591 28450.213 32530.262 37203.771 48136.916 1.002
Y.est[35] 33695.276 7050.345 21887.913 28706.090 32963.165 37881.788 49481.813 1.002
mean.r        0.015    0.013    -0.010     0.007     0.015     0.023     0.044 1.004
q[1]          1.001    0.032     0.942     0.979     1.001     1.022     1.066 1.001
q[2]          0.928    0.090     0.766     0.867     0.924     0.986     1.117 1.001
q[3]          0.495    0.066     0.379     0.450     0.491     0.536     0.640 1.002
q[4]          1.149    0.217     0.783     0.996     1.131     1.276     1.630 1.001
q[5]          0.669    0.094     0.503     0.604     0.662     0.726     0.875 1.001
q[6]          0.504    0.067     0.387     0.459     0.500     0.545     0.646 1.001
r[1]          0.038    0.059    -0.057     0.002     0.031     0.065     0.180 1.001
r[2]          0.018    0.053    -0.086    -0.012     0.017     0.045     0.129 1.006
r[3]          0.009    0.052    -0.104    -0.018     0.010     0.038     0.109 1.001
r[4]         -0.002    0.054    -0.127    -0.028     0.003     0.030     0.095 1.001
r[5]          0.013    0.052    -0.096    -0.015     0.013     0.041     0.119 1.001
r[6]          0.030    0.055    -0.070    -0.002     0.025     0.056     0.160 1.003
r[7]          0.022    0.056    -0.081    -0.008     0.019     0.050     0.146 1.001
r[8]          0.020    0.055    -0.090    -0.010     0.018     0.048     0.137 1.006
r[9]          0.011    0.055    -0.105    -0.017     0.013     0.041     0.121 1.001
r[10]         0.011    0.058    -0.109    -0.018     0.012     0.041     0.125 1.001
r[11]         0.013    0.056    -0.095    -0.016     0.013     0.041     0.124 1.006
r[12]         0.011    0.053    -0.097    -0.017     0.012     0.040     0.119 1.001
r[13]         0.000    0.055    -0.121    -0.027     0.004     0.031     0.102 1.001
r[14]         0.026    0.055    -0.071    -0.005     0.021     0.051     0.154 1.001
r[15]        -0.015    0.057    -0.154    -0.040    -0.007     0.019     0.077 1.002
r[16]        -0.004    0.054    -0.128    -0.031     0.000     0.028     0.093 1.001
r[17]         0.005    0.052    -0.109    -0.021     0.008     0.034     0.106 1.001
r[18]         0.039    0.057    -0.052     0.005     0.031     0.065     0.177 1.001
r[19]         0.028    0.054    -0.069    -0.003     0.024     0.054     0.150 1.001
r[20]         0.016    0.053    -0.092    -0.012     0.016     0.045     0.129 1.001
r[21]         0.004    0.054    -0.117    -0.023     0.007     0.035     0.104 1.001
r[22]         0.002    0.055    -0.121    -0.026     0.005     0.033     0.107 1.001
r[23]         0.016    0.053    -0.089    -0.012     0.015     0.044     0.129 1.001
r[24]         0.021    0.054    -0.082    -0.010     0.018     0.047     0.141 1.001
r[25]         0.005    0.055    -0.114    -0.022     0.008     0.036     0.109 1.001
r[26]         0.019    0.057    -0.098    -0.012     0.017     0.049     0.143 1.001
r[27]         0.014    0.007     0.000     0.009     0.014     0.019     0.028 1.001
r[28]         0.014    0.007     0.000     0.009     0.014     0.019     0.028 1.001
r[29]         0.014    0.007     0.000     0.009     0.014     0.019     0.028 1.001
r[30]         0.014    0.007     0.000     0.009     0.014     0.019     0.028 1.001
r[31]         0.014    0.007     0.000     0.009     0.014     0.019     0.028 1.001
r[32]         0.014    0.007     0.000     0.009     0.014     0.019     0.028 1.001
r[33]         0.014    0.007     0.000     0.009     0.014     0.019     0.028 1.001
r[34]         0.014    0.007     0.000     0.009     0.014     0.019     0.028 1.001
r[35]         0.014    0.007     0.000     0.009     0.014     0.019     0.028 1.001
r.proj        0.014    0.007     0.000     0.009     0.014     0.019     0.028 1.001
sigma         0.053    0.028     0.019     0.033     0.046     0.065     0.124 1.003
deviance     -4.295    5.071   -12.946    -7.757    -4.776    -1.374     7.025 1.001
          n.eff
Ntot[1]   11000
Ntot[2]   11000
Ntot[3]    2600
Ntot[4]    8600
Ntot[5]   11000
Ntot[6]   11000
Ntot[7]   11000
Ntot[8]    9800
Ntot[9]   11000
Ntot[10]  11000
Ntot[11]  11000
Ntot[12]   4900
Ntot[13]   9300
Ntot[14]  11000
Ntot[15]  11000
Ntot[16]  11000
Ntot[17]   6100
Ntot[18]   3400
Ntot[19]   4800
Ntot[20]   6700
Ntot[21]   3100
Ntot[22]   2300
Ntot[23]   2600
Ntot[24]   1700
Ntot[25]   3600
Ntot[26]   2200
Ntot[27]   1700
Ntot[28]   1700
Ntot[29]   1800
Ntot[30]   1800
Ntot[31]   1800
Ntot[32]   1800
Ntot[33]   1800
Ntot[34]   1800
Ntot[35]   1900
Y.est[1]  11000
Y.est[2]  11000
Y.est[3]   2600
Y.est[4]   8600
Y.est[5]  11000
Y.est[6]  11000
Y.est[7]  11000
Y.est[8]   9800
Y.est[9]  11000
Y.est[10] 11000
Y.est[11] 11000
Y.est[12]  4900
Y.est[13]  9300
Y.est[14] 11000
Y.est[15] 11000
Y.est[16] 11000
Y.est[17]  6100
Y.est[18]  3400
Y.est[19]  4800
Y.est[20]  6700
Y.est[21]  3100
Y.est[22]  2300
Y.est[23]  2600
Y.est[24]  1700
Y.est[25]  3600
Y.est[26]  2200
Y.est[27]  1700
Y.est[28]  1700
Y.est[29]  1800
Y.est[30]  1800
Y.est[31]  1800
Y.est[32]  1800
Y.est[33]  1800
Y.est[34]  1800
Y.est[35]  1900
mean.r      430
q[1]       3600
q[2]       4700
q[3]       1900
q[4]      11000
q[5]       2900
q[6]       4800
r[1]      11000
r[2]       1900
r[3]       4000
r[4]      11000
r[5]      11000
r[6]      11000
r[7]       3700
r[8]       2300
r[9]       4900
r[10]     11000
r[11]      1300
r[12]     11000
r[13]      4100
r[14]      5100
r[15]     11000
r[16]      9000
r[17]      7500
r[18]     11000
r[19]     11000
r[20]      4400
r[21]     11000
r[22]     11000
r[23]      7000
r[24]      3200
r[25]      5100
r[26]      7500
r[27]      3100
r[28]      3100
r[29]      3100
r[30]      3100
r[31]      3100
r[32]      3100
r[33]      3100
r[34]      3100
r[35]      3100
r.proj     3100
sigma       680
deviance   3100

For each parameter, n.eff is a crude measure of effective sample size,
and Rhat is the potential scale reduction factor (at convergence, Rhat=1).

DIC info (using the rule, pD = var(deviance)/2)
pD = 12.9 and DIC = 8.6
DIC is an estimate of expected predictive error (lower deviance is better).
