-----------------------------------------------------

><> Run  Afr_penguin completed in 0 min and 45 sec <><
-----------------------------------------------------

><>><>><>><>><>><>><>><>><>><>><>><>><>><>
><> Input Afr_penguin census <><
><>><>><>><>><>><>><>><>><>><>><>><>><>><>

$assessment
[1] Afr_penguin
8 Levels: Afr_penguin Bluemarlin_Atl_CPUE Bluemarlin_ICCAT Cape_gannet ... StripedMarlin_IO_CPUE

$abundance
[1] census
Levels: census relative

$generation.length
[1] 9.9

$K.penalty
[1] FALSE

$sigma.obs.est
[1] TRUE

$sigma.obs.add
[1] 0.1

$sigma.proc.fixed
[1] FALSE

$prjr.type
[1] all
Levels: all

$proj.stoch
[1] FALSE

$start.year
[1] 1979

$end.year
[1] 2015


><>><>><>><>><>><>><>><>><>><>><>><>><>><>
><> Parameter Estimates Afr_penguin census <><
><>><>><>><>><>><>><>><>><>><>><>><>><>><>

                  Median    LCI   UCI Geweke.p Heidelberger.p
r.Dassen.Island    0.007 -0.102 0.120    0.070          0.587
r.Robben.Island    0.197  0.086 0.311    0.204          0.100
r.Boulders         0.237  0.122 0.353    0.815          0.449
r.Stony.Point      0.283  0.173 0.398    0.889          0.970
r.Dyer.Island     -0.024 -0.137 0.086    0.814          0.375
r.St.Croix.Island  0.040 -0.070 0.152    0.448          0.704
r.Bird.Island      0.103 -0.010 0.216    0.970          0.338
r.Mercury          0.082 -0.033 0.194    0.299          0.817
r.Ichaboe          0.045 -0.069 0.164    0.683          0.150
r.Halifax          0.086 -0.025 0.199    0.491          0.068
r.Possession       0.093 -0.019 0.207    0.444          0.922
sigma.proc         0.340  0.293 0.370    0.183          0.667

><>><>><>><>><>><>><>><>><>><>><>><>><>><>
><> JAGS output Afr_penguin census <><
><>><>><>><>><>><>><>><>><>><>><>><>><>><>

Inference for Bugs model at "C:/Work/Research/Github/JARA//Afr_penguin/output2015/jara.jags", fit using jags,
 2 chains, each with 6000 iterations (first 1000 discarded)
 n.sims = 10000 iterations saved
               mu.vect   sd.vect      2.5%       25%       50%       75%     97.5%  Rhat n.eff
N.est[1,1]   12633.413  1376.190 10171.669 11695.312 12548.563 13516.128 15574.152 1.001 10000
N.est[2,1]   11725.015  3957.966  5836.169  8907.745 11109.613 13875.807 21166.296 1.002  4600
N.est[3,1]   10728.357  4725.284  4283.556  7408.990  9815.858 13076.342 22157.225 1.002  3800
N.est[4,1]    9687.749  4741.322  3448.891  6354.189  8701.968 11865.043 21724.082 1.002  5800
N.est[5,1]    8646.620  4402.376  3031.388  5600.161  7685.187 10680.620 19741.245 1.003  2200
N.est[6,1]    7644.207  3737.034  2745.045  5026.412  6841.956  9410.481 17225.684 1.002  2900
N.est[7,1]    6671.037  2935.489  2676.627  4579.690  6122.276  8069.740 13938.427 1.002  3000
N.est[8,1]    5698.325  1927.205  2817.227  4322.377  5399.722  6739.034 10417.100 1.002  2500
N.est[9,1]    4829.388   522.013  3886.168  4467.875  4797.793  5160.489  5964.789 1.002  1100
N.est[10,1]   6479.203  1656.988  3844.465  5300.902  6275.924  7431.576 10275.472 1.002  4800
N.est[11,1]   8260.758   883.025  6676.379  7657.467  8223.446  8824.272 10112.569 1.001  5800
N.est[12,1]   8746.057  2192.732  5272.694  7180.312  8474.031 10002.138 13776.349 1.002 10000
N.est[13,1]   8872.602   929.124  7179.199  8233.026  8831.400  9471.459 10829.509 1.001 10000
N.est[14,1]   7687.845   789.491  6254.719  7152.649  7641.956  8196.072  9353.707 1.001 10000
N.est[15,1]   7443.368   758.557  6058.457  6913.081  7409.745  7927.508  9038.318 1.001 10000
N.est[16,1]   9256.425   951.666  7542.841  8596.645  9209.307  9865.594 11282.903 1.002  1200
N.est[17,1]   9767.105  1000.695  7936.476  9078.605  9723.565 10411.393 11821.124 1.001 10000
N.est[18,1]   9521.719   979.319  7708.115  8842.891  9471.715 10149.666 11574.380 1.002  2500
N.est[19,1]   8970.960   922.172  7331.410  8333.509  8920.716  9556.226 10915.859 1.001 10000
N.est[20,1]  11087.112  1138.369  9048.173 10298.066 11025.455 11821.707 13474.257 1.001 10000
N.est[21,1]  14969.027  1533.479 12170.286 13903.640 14892.710 15938.113 18201.909 1.001  5100
N.est[22,1]  17233.178  1768.905 14040.390 15995.221 17137.748 18373.979 20945.720 1.001  3500
N.est[23,1]  21167.280  2180.632 17171.697 19643.762 21071.425 22578.755 25765.547 1.002   970
N.est[24,1]  22478.440  2323.389 18333.322 20837.693 22373.649 23966.043 27428.540 1.001 10000
N.est[25,1]  20826.930  2170.788 16910.712 19327.342 20700.423 22209.526 25377.800 1.001 10000
N.est[26,1]  24310.691  2498.752 19753.321 22608.760 24197.199 25885.642 29559.968 1.001  6400
N.est[27,1]  21907.238  2251.691 17858.044 20335.770 21809.648 23361.897 26568.547 1.001  3200
N.est[28,1]  13758.407  1421.646 11160.707 12777.210 13679.160 14648.211 16748.543 1.001 10000
N.est[29,1]  11289.030  1163.140  9166.019 10472.234 11227.295 12040.417 13672.685 1.001  2800
N.est[30,1]   6067.452   629.738  4932.187  5631.758  6026.345  6473.278  7406.026 1.004   430
N.est[31,1]   5216.512   542.053  4242.697  4844.776  5182.929  5554.004  6380.828 1.001  4100
N.est[32,1]   4866.458   497.051  3966.397  4519.481  4837.440  5189.297  5913.044 1.001 10000
N.est[33,1]   3873.346   397.418  3153.996  3599.874  3852.340  4125.426  4695.306 1.001 10000
N.est[34,1]   2775.289   284.618  2275.188  2576.170  2759.194  2956.369  3380.727 1.001  4000
N.est[35,1]   2602.092   263.739  2124.830  2419.109  2586.188  2771.280  3145.465 1.001 10000
N.est[36,1]   2093.908   216.038  1702.030  1943.599  2086.569  2228.714  2555.177 1.002  2000
N.est[37,1]   2135.574   229.112  1717.984  1976.306  2124.577  2281.048  2621.273 1.001 10000
N.est[38,1]   2033.332   224.279  1625.006  1877.302  2021.067  2175.834  2511.625 1.001 10000
N.est[1,2]       8.342     3.602     3.414     5.802     7.675    10.076    17.468 1.001  2600
N.est[2,2]       8.938     4.064     3.494     6.115     8.134    10.859    18.933 1.001  7700
N.est[3,2]       9.404     3.980     4.021     6.583     8.676    11.356    19.078 1.001  8300
N.est[4,2]       9.799     3.306     4.919     7.479     9.286    11.532    17.727 1.001 10000
N.est[5,2]      10.001     1.111     8.065     9.230     9.932    10.676    12.410 1.008   230
N.est[6,2]      25.322     2.641    20.544    23.482    25.166    27.033    30.850 1.003   690
N.est[7,2]      97.657    10.157    79.467    90.787    97.117   104.016   119.357 1.003   650
N.est[8,2]     225.407    23.135   182.491   209.388   224.601   240.275   273.913 1.001  3200
N.est[9,2]     468.793    48.406   381.070   435.103   466.360   500.113   570.864 1.002  1700
N.est[10,2]    809.063    82.761   654.175   752.053   805.848   862.285   978.396 1.002  1000
N.est[11,2]    864.946    89.356   704.721   803.340   859.414   920.682  1056.856 1.001  7600
N.est[12,2]   1280.755   130.998  1044.557  1190.393  1274.161  1364.376  1554.434 1.001 10000
N.est[13,2]   1837.787   191.763  1483.004  1707.472  1828.903  1960.839  2236.290 1.003   890
N.est[14,2]   2029.304   210.915  1647.417  1882.375  2020.033  2162.932  2480.483 1.001 10000
N.est[15,2]   2215.879   230.083  1798.152  2057.503  2206.055  2363.836  2698.665 1.001 10000
N.est[16,2]   2712.599   277.906  2202.574  2522.072  2699.095  2891.329  3284.848 1.002  2300
N.est[17,2]   2388.343   247.408  1944.285  2216.985  2374.509  2543.753  2912.671 1.001  4400
N.est[18,2]   3058.087   315.191  2476.789  2835.999  3039.086  3262.693  3718.905 1.001 10000
N.est[19,2]   3342.169   346.238  2715.720  3101.888  3325.585  3564.090  4066.851 1.001 10000
N.est[20,2]   3552.263   364.611  2895.115  3298.030  3529.468  3784.008  4315.639 1.001  3200
N.est[21,2]   4416.241   459.697  3571.684  4093.487  4398.315  4712.845  5368.921 1.001 10000
N.est[22,2]   5413.493   551.709  4402.656  5034.016  5393.079  5765.211  6562.446 1.001 10000
N.est[23,2]   6397.179   658.544  5203.259  5932.716  6368.366  6817.822  7769.296 1.001 10000
N.est[24,2]   6986.233   713.408  5649.866  6504.877  6946.640  7437.568  8467.161 1.001  6900
N.est[25,2]   6232.454   644.344  5081.171  5774.730  6197.303  6645.960  7597.375 1.001  3000
N.est[26,2]   7593.476   781.364  6154.918  7050.379  7562.674  8093.476  9200.031 1.001 10000
N.est[27,2]   7103.897   723.426  5779.015  6614.448  7060.848  7561.398  8620.134 1.001 10000
N.est[28,2]   5988.143   617.420  4871.056  5558.995  5954.917  6377.510  7283.946 1.001 10000
N.est[29,2]   5776.239   593.705  4687.331  5371.039  5742.452  6158.755  7026.376 1.001  2600
N.est[30,2]   4159.735   425.280  3366.969  3866.072  4138.742  4442.490  5039.715 1.001  4300
N.est[31,2]   2557.400   264.063  2086.188  2373.613  2542.355  2722.734  3110.317 1.001  4200
N.est[32,2]   2550.534   264.002  2068.658  2367.326  2536.026  2724.057  3091.490 1.003   740
N.est[33,2]   1866.451   193.248  1519.456  1731.544  1856.423  1991.951  2274.711 1.001 10000
N.est[34,2]   1665.573   171.186  1352.722  1547.011  1655.086  1775.599  2020.829 1.001 10000
N.est[35,2]   1362.668   140.281  1105.017  1267.874  1354.605  1452.624  1658.522 1.001 10000
N.est[36,2]   1068.186   112.432   867.089   989.748  1061.338  1139.090  1307.089 1.002  1800
N.est[37,2]   1224.104   133.741   985.373  1130.184  1217.873  1310.426  1506.055 1.001 10000
N.est[38,2]   1409.770   159.413  1125.312  1297.509  1401.621  1511.586  1746.499 1.001 10000
N.est[1,3]       1.677     0.767     0.654     1.134     1.517     2.050     3.553 1.001  7800
N.est[2,3]       1.800     0.911     0.637     1.157     1.606     2.219     4.072 1.001 10000
N.est[3,3]       1.918     1.000     0.656     1.223     1.706     2.379     4.441 1.001 10000
N.est[4,3]       2.027     1.018     0.709     1.321     1.808     2.496     4.543 1.002 10000
N.est[5,3]       2.099     0.934     0.827     1.452     1.929     2.547     4.400 1.001 10000
N.est[6,3]       2.150     0.735     1.060     1.629     2.042     2.551     3.901 1.001 10000
N.est[7,3]       2.148     0.240     1.718     1.985     2.132     2.293     2.659 1.005   360
N.est[8,3]       4.174     1.066     2.475     3.409     4.060     4.774     6.644 1.002  1000
N.est[9,3]       7.652     0.815     6.205     7.096     7.593     8.150     9.405 1.004   420
N.est[10,3]     30.098     3.140    24.178    27.990    29.987    32.150    36.619 1.009   180
N.est[11,3]     38.637     3.977    31.561    35.826    38.415    41.206    47.032 1.001  9500
N.est[12,3]     56.694     5.868    46.116    52.596    56.438    60.381    69.172 1.002  1800
N.est[13,3]    124.296    12.921   100.499   115.515   123.679   132.748   151.171 1.002  1100
N.est[14,3]    161.305    16.900   131.184   149.684   160.113   171.628   197.443 1.001  8000
N.est[15,3]    241.465    24.945   195.932   224.111   240.524   257.199   294.141 1.002  2400
N.est[16,3]    348.907    35.677   283.372   324.490   347.423   371.432   423.328 1.002  1000
N.est[17,3]    371.227    38.236   301.756   345.050   369.283   395.252   452.709 1.001  3900
N.est[18,3]    432.245    44.831   351.994   401.245   429.737   461.130   525.887 1.001  3400
N.est[19,3]    682.801    71.020   551.156   633.938   680.453   728.008   831.827 1.002  1200
N.est[20,3]    592.428    61.659   484.006   549.330   589.094   630.780   722.716 1.003   850
N.est[21,3]    878.022    90.195   714.311   815.610   873.364   936.034  1066.358 1.001  5600
N.est[22,3]    954.561    98.928   773.509   886.126   948.843  1017.647  1160.161 1.001 10000
N.est[23,3]   1050.732   108.314   854.539   975.121  1045.332  1121.037  1279.884 1.001 10000
N.est[24,3]   1081.820   111.999   878.913  1003.717  1075.895  1152.372  1321.483 1.001 10000
N.est[25,3]   1055.679   108.643   855.527   980.037  1051.433  1124.186  1283.957 1.001  3500
N.est[26,3]   1189.198   122.500   966.534  1103.829  1183.512  1266.422  1448.299 1.001 10000
N.est[27,3]   1213.590   124.794   984.783  1127.880  1206.639  1294.442  1472.300 1.001 10000
N.est[28,3]   1069.093   109.780   868.396   993.928  1063.298  1139.434  1302.181 1.001 10000
N.est[29,3]    853.935    89.014   692.650   792.143   848.776   910.237  1042.786 1.002  1000
N.est[30,3]    891.951    90.923   726.205   828.197   887.737   950.126  1082.838 1.001 10000
N.est[31,3]    738.310    76.443   599.640   685.470   733.788   786.389   898.940 1.001  6300
N.est[32,3]    893.920    92.973   724.340   829.152   889.513   953.803  1088.998 1.003   780
N.est[33,3]    695.017    73.124   565.756   644.203   691.171   739.207   850.070 1.002  1400
N.est[34,3]    796.752    83.414   644.303   738.538   793.492   849.680   971.587 1.001 10000
N.est[35,3]    602.705    63.063   490.041   558.765   599.278   642.518   737.346 1.005   370
N.est[36,3]    929.364    96.598   753.889   862.922   924.982   990.710  1129.322 1.002  1800
N.est[37,3]    999.771   108.076   806.420   924.910   993.822  1068.576  1225.889 1.001  6700
N.est[38,3]   1197.470   134.079   955.934  1104.852  1189.134  1282.763  1478.143 1.001  5500
N.est[1,4]       0.814     0.334     0.347     0.579     0.751     0.982     1.631 1.001  4500
N.est[2,4]       0.894     0.362     0.395     0.638     0.824     1.077     1.790 1.001  2700
N.est[3,4]       0.961     0.315     0.493     0.740     0.914     1.130     1.711 1.001 10000
N.est[4,4]       1.011     0.108     0.820     0.936     1.006     1.079     1.240 1.001  6500
N.est[5,4]       1.159     0.125     0.939     1.072     1.151     1.236     1.424 1.011   160
N.est[6,4]       4.723     0.490     3.821     4.384     4.699     5.044     5.764 1.003   930
N.est[7,4]      11.026     1.142     8.954    10.223    10.982    11.770    13.421 1.001 10000
N.est[8,4]      25.659     2.714    20.642    23.793    25.563    27.396    31.331 1.003   590
N.est[9,4]      36.983    10.844    20.206    29.211    35.539    42.963    62.378 1.002 10000
N.est[10,4]     51.306    14.924    28.377    40.669    49.275    59.573    86.928 1.001  3200
N.est[11,4]     68.661     7.283    55.326    63.553    68.340    73.390    84.248 1.002  1100
N.est[12,4]     86.017     8.897    69.784    79.878    85.587    91.682   104.920 1.002  2300
N.est[13,4]     76.050     7.793    61.987    70.632    75.568    81.025    92.129 1.001 10000
N.est[14,4]     57.108     5.894    46.418    53.006    56.812    60.816    69.657 1.001 10000
N.est[15,4]     41.901     4.289    34.234    38.932    41.656    44.696    51.017 1.002  1500
N.est[16,4]     44.608     4.720    36.058    41.372    44.332    47.565    54.493 1.001  9900
N.est[17,4]     52.667    16.641    27.413    40.656    50.466    61.847    91.808 1.001  4100
N.est[18,4]     60.288    21.647    28.416    44.819    56.944    71.885   112.925 1.001 10000
N.est[19,4]     67.320    21.365    35.230    52.558    63.870    78.691   117.274 1.002 10000
N.est[20,4]     72.785     8.100    57.997    67.184    72.396    77.842    90.316 1.001  5700
N.est[21,4]     88.835    22.385    52.516    72.850    86.242   101.811   140.173 1.001  6500
N.est[22,4]    103.320    10.766    83.631    95.941   102.838   110.214   125.947 1.002  4700
N.est[23,4]    111.023    11.669    89.539   102.933   110.524   118.511   135.782 1.001  8600
N.est[24,4]    118.935    30.524    70.263    97.152   115.420   136.301   188.916 1.001 10000
N.est[25,4]    121.371    12.730    98.120   112.655   120.946   129.403   148.042 1.001  5000
N.est[26,4]    106.325    11.047    86.619    98.698   105.547   113.206   129.719 1.002  2400
N.est[27,4]    182.969    18.714   149.265   169.744   182.038   195.142   221.658 1.001  3600
N.est[28,4]    257.342    26.606   208.189   239.181   256.168   274.515   312.749 1.002  1600
N.est[29,4]    265.380    27.418   215.631   246.414   263.821   282.643   324.006 1.002  1700
N.est[30,4]    318.831    32.861   260.307   295.730   316.388   339.572   387.693 1.001 10000
N.est[31,4]    472.358    48.465   383.344   439.221   470.195   503.432   574.433 1.001  4800
N.est[32,4]    507.880    53.886   412.671   470.579   504.272   541.469   622.369 1.005   370
N.est[33,4]   1113.862   114.259   906.591  1034.271  1108.531  1187.553  1352.173 1.001  2500
N.est[34,4]   1781.076   184.743  1440.340  1652.910  1773.533  1899.869  2166.533 1.003   680
N.est[35,4]   2020.131   207.419  1640.547  1874.869  2008.730  2151.491  2465.022 1.001  4100
N.est[36,4]   2093.655   216.129  1702.590  1944.077  2081.049  2232.040  2542.433 1.001  6300
N.est[37,4]   2558.092   278.067  2062.469  2370.151  2540.942  2728.913  3152.379 1.001 10000
N.est[38,4]   3207.090   360.835  2563.315  2962.830  3185.032  3426.543  3980.461 1.001 10000
N.est[1,5]   22911.419  2520.920 18335.057 21179.010 22804.005 24453.409 28284.320 1.001 10000
N.est[2,5]   23329.561  7835.721 11537.442 17742.868 22202.408 27584.964 41631.851 1.001  5100
N.est[3,5]   23146.749  9901.256  9434.183 16057.204 21395.927 28007.087 47515.859 1.001 10000
N.est[4,5]   22807.083 10704.055  8476.079 15286.870 20670.392 27855.731 49977.012 1.001 10000
N.est[5,5]   22156.381 10531.875  8282.566 14797.220 20154.019 27104.286 48809.440 1.001 10000
N.est[6,5]   21026.677  9119.746  8455.434 14611.432 19297.210 25485.340 43632.378 1.002 10000
N.est[7,5]   19674.135  6631.732  9729.607 14968.666 18734.695 23182.088 35422.821 1.003  8100
N.est[8,5]   18238.460  2025.902 14523.261 16856.945 18124.152 19521.001 22533.639 1.001  7900
N.est[9,5]   15575.642  4912.339  8114.877 12120.529 14834.892 18261.303 27459.956 1.001  7400
N.est[10,5]  12943.833  4668.105  6231.085  9653.266 12201.506 15317.803 24221.090 1.001 10000
N.est[11,5]  10539.378  3268.180  5544.460  8241.681 10085.575 12287.826 18167.691 1.001 10000
N.est[12,5]   8328.047   885.032  6755.098  7716.379  8273.504  8907.989 10208.333 1.001  8600
N.est[13,5]   6386.590   655.935  5194.295  5938.565  6351.287  6803.344  7778.885 1.001  3300
N.est[14,5]   6838.559   714.418  5504.382  6352.916  6812.414  7290.923  8319.095 1.004   470
N.est[15,5]   2783.060   302.216  2247.805  2573.608  2760.011  2969.949  3422.719 1.011   170
N.est[16,5]   4412.323   453.343  3587.709  4094.215  4390.950  4702.966  5363.138 1.006   320
N.est[17,5]   4198.493   434.198  3426.098  3890.797  4178.673  4478.695  5107.242 1.002  1300
N.est[18,5]   3310.948   338.001  2704.322  3074.449  3297.256  3526.369  4023.985 1.001  9400
N.est[19,5]   2731.595   284.259  2219.822  2534.233  2718.381  2909.655  3338.493 1.001  7200
N.est[20,5]   2063.657   212.714  1678.357  1916.240  2054.569  2196.660  2504.944 1.002  2000
N.est[21,5]   2331.027   240.410  1894.361  2165.003  2320.932  2484.929  2832.545 1.001 10000
N.est[22,5]   2231.178   228.938  1819.598  2071.833  2219.765  2375.102  2707.091 1.001 10000
N.est[23,5]   2114.106   218.543  1720.827  1963.683  2101.936  2251.224  2582.356 1.001  5000
N.est[24,5]   2138.843   221.456  1734.842  1982.414  2126.662  2281.017  2607.067 1.001  6700
N.est[25,5]   1978.623   203.272  1614.016  1836.986  1970.395  2110.214  2400.960 1.001 10000
N.est[26,5]   2188.773   226.206  1784.606  2029.533  2178.265  2333.610  2660.078 1.002   960
N.est[27,5]   2072.234   210.306  1682.992  1926.393  2064.322  2208.356  2500.154 1.001 10000
N.est[28,5]   2015.452   205.884  1635.305  1874.087  2004.341  2148.322  2444.869 1.002  2100
N.est[29,5]   1568.931   161.548  1274.058  1455.541  1561.437  1673.607  1910.781 1.001 10000
N.est[30,5]   1577.406   161.193  1284.129  1465.322  1568.744  1682.037  1913.406 1.001  2900
N.est[31,5]   1305.668   134.323  1059.434  1213.071  1297.182  1390.561  1589.667 1.001 10000
N.est[32,5]   1401.086   143.441  1138.019  1302.958  1395.255  1492.418  1701.671 1.002  2200
N.est[33,5]   1036.664   107.128   842.994   963.471  1031.388  1103.971  1264.421 1.002  1500
N.est[34,5]   1271.253   131.811  1031.456  1180.542  1264.824  1354.953  1550.726 1.001 10000
N.est[35,5]   1249.639   128.650  1015.629  1161.455  1243.032  1330.954  1525.333 1.001 10000
N.est[36,5]   1162.753   119.704   942.423  1080.345  1156.893  1239.012  1417.980 1.001 10000
N.est[37,5]   1154.062   124.189   925.406  1067.618  1148.058  1235.363  1414.837 1.001 10000
N.est[38,5]   1062.522   117.589   847.262   980.483  1056.814  1139.474  1310.068 1.001 10000
N.est[1,6]   14009.663  1469.711 11373.062 13005.311 13929.218 14932.302 17114.608 1.001 10000
N.est[2,6]   14927.831  1604.549 12043.653 13845.906 14849.306 15951.368 18308.552 1.001 10000
N.est[3,6]   16518.169  5365.810  8457.678 12700.964 15720.281 19443.600 28943.305 1.002 10000
N.est[4,6]   17789.673  6980.931  7953.169 12861.935 16595.553 21371.374 34844.358 1.001 10000
N.est[5,6]   18770.392  7443.654  8299.154 13507.855 17445.689 22428.422 36815.506 1.002 10000
N.est[6,6]   19363.262  6363.382  9957.703 14830.352 18353.567 22820.440 34446.939 1.001 10000
N.est[7,6]   19466.805  2152.318 15577.654 17980.861 19367.770 20823.526 24065.478 1.001 10000
N.est[8,6]   20412.744  6938.438 10071.142 15529.916 19319.285 24178.024 36771.219 1.001 10000
N.est[9,6]   21150.850  9370.858  8361.007 14537.921 19337.893 25781.085 44187.620 1.001 10000
N.est[10,6]  21531.662 10699.904  7787.192 14086.689 19424.306 26274.559 47792.877 1.001 10000
N.est[11,6]  21638.084 11028.511  7603.584 13879.456 19421.698 26539.212 49708.495 1.001 10000
N.est[12,6]  21506.857 10907.132  7607.572 13979.899 19171.894 26406.764 48791.579 1.001  4900
N.est[13,6]  21061.501  9252.405  8419.313 14486.236 19298.239 25765.554 43702.656 1.001  7500
N.est[14,6]  20354.619  6938.761  9986.033 15434.457 19248.733 24172.335 36914.283 1.001 10000
N.est[15,6]  19512.852  2168.841 15575.115 18016.519 19382.784 20875.273 24086.614 1.001 10000
N.est[16,6]  19534.919  6551.005  9867.337 14889.783 18513.247 23090.938 35092.550 1.001 10000
N.est[17,6]  19023.383  7916.576  8019.798 13453.543 17574.755 22841.524 38576.634 1.001 10000
N.est[18,6]  18212.425  8143.171  7310.256 12483.046 16707.489 22158.616 38266.198 1.002  4300
N.est[19,6]  16979.075  7057.798  7086.529 12009.649 15728.236 20473.350 34039.302 1.001 10000
N.est[20,6]  15668.860  5163.280  7900.331 12042.002 14864.210 18450.319 27897.582 1.001 10000
N.est[21,6]  14286.131  1517.513 11545.210 13220.341 14202.139 15246.273 17437.717 1.001 10000
N.est[22,6]  15300.629  1564.123 12477.645 14212.067 15234.706 16312.522 18513.517 1.001 10000
N.est[23,6]  16382.801  1713.120 13287.212 15189.550 16294.450 17476.925 19932.272 1.001  5500
N.est[24,6]  12774.407  3228.020  7536.152 10470.902 12385.776 14661.388 20158.262 1.001 10000
N.est[25,6]   9472.361  1001.379  7604.852  8793.812  9423.976 10101.114 11566.686 1.001 10000
N.est[26,6]   9401.865   980.060  7595.832  8721.284  9360.800 10040.852 11433.786 1.003   830
N.est[27,6]   4731.794   509.040  3832.112  4381.446  4692.501  5044.292  5843.427 1.006   320
N.est[28,6]   7362.026   762.448  5938.436  6841.698  7332.489  7845.418  8953.470 1.004   430
N.est[29,6]   4828.665   513.264  3910.568  4472.681  4798.240  5152.400  5927.354 1.005   400
N.est[30,6]   7379.899   764.649  5985.886  6857.420  7351.078  7876.107  8974.838 1.002  2300
N.est[31,6]   6962.661   731.076  5639.030  6452.598  6922.274  7433.517  8499.924 1.001  9700
N.est[32,6]   7820.757  2017.755  4579.592  6405.988  7587.150  8959.530 12386.611 1.002  8500
N.est[33,6]   8299.580   873.132  6700.626  7699.095  8262.482  8862.155 10122.247 1.002  1700
N.est[34,6]   6897.179   703.600  5593.212  6411.932  6867.266  7355.808  8349.489 1.001 10000
N.est[35,6]   7698.123   789.577  6266.679  7155.393  7662.404  8185.209  9385.543 1.001 10000
N.est[36,6]   8527.396   876.981  6912.937  7916.631  8483.053  9089.320 10355.538 1.001  2600
N.est[37,6]   7728.405   831.402  6229.417  7152.654  7675.118  8261.265  9461.442 1.001 10000
N.est[38,6]   7604.038   841.380  6085.925  7023.381  7552.882  8143.000  9370.238 1.001 10000
N.est[1,7]     586.582   215.522   277.334   432.952   550.446   698.200  1098.524 1.001 10000
N.est[2,7]     595.362   189.398   308.329   462.751   567.624   696.206  1040.960 1.001  3700
N.est[3,7]     585.887    64.665   471.231   540.759   582.042   626.474   724.001 1.001 10000
N.est[4,7]     755.850   262.194   372.177   573.870   714.211   892.668  1395.340 1.001  7300
N.est[5,7]     962.970   435.063   378.978   657.099   877.541  1175.889  2063.571 1.001  9300
N.est[6,7]    1205.125   618.883   415.913   769.986  1069.049  1494.998  2779.852 1.001  4200
N.est[7,7]    1495.262   816.580   474.983   925.415  1315.934  1863.812  3587.189 1.001  7300
N.est[8,7]    1830.722   993.297   590.869  1147.940  1597.773  2258.089  4389.263 1.001 10000
N.est[9,7]    2229.294  1163.266   779.704  1422.660  1979.375  2754.955  5205.658 1.001 10000
N.est[10,7]   2641.693  1181.588  1054.004  1808.522  2421.400  3206.762  5624.624 1.002 10000
N.est[11,7]   3108.032  1062.252  1520.456  2364.403  2942.567  3691.435  5650.355 1.001 10000
N.est[12,7]   3607.277   383.211  2902.356  3341.818  3592.813  3849.349  4404.082 1.002  1600
N.est[13,7]   3282.775   334.273  2669.411  3049.625  3267.128  3494.895  3990.349 1.001  6600
N.est[14,7]   3605.730   374.444  2916.666  3348.517  3587.874  3849.765  4389.349 1.002  3000
N.est[15,7]   2454.368   263.773  1982.445  2266.960  2439.769  2621.658  3016.324 1.002  1400
N.est[16,7]   3001.592   767.953  1764.442  2454.604  2906.547  3441.805  4773.099 1.001 10000
N.est[17,7]   3465.426   373.704  2785.704  3206.448  3446.881  3702.457  4242.775 1.003   840
N.est[18,7]   2541.006   651.951  1498.025  2073.517  2457.232  2925.961  4007.276 1.001 10000
N.est[19,7]   1767.184   195.382  1424.327  1630.783  1753.110  1890.678  2186.841 1.004   530
N.est[20,7]   2657.071   679.824  1580.017  2170.753  2575.931  3050.360  4225.752 1.001 10000
N.est[21,7]   3779.073   395.948  3073.327  3508.185  3757.177  4032.126  4622.939 1.002  1600
N.est[22,7]   4143.403   421.393  3371.558  3852.805  4122.132  4410.926  5031.103 1.001 10000
N.est[23,7]   4894.515   516.879  3944.160  4544.878  4873.147  5228.292  5978.644 1.006   310
N.est[24,7]   2412.899   611.401  1433.867  1978.269  2340.776  2774.919  3830.058 1.002  5100
N.est[25,7]   1129.362   127.491   909.555  1041.710  1118.060  1205.532  1406.381 1.023    77
N.est[26,7]   2730.430   283.262  2210.787  2535.945  2714.495  2912.342  3324.182 1.002  1200
N.est[27,7]   3126.018   320.813  2526.386  2908.065  3115.747  3331.049  3804.767 1.001 10000
N.est[28,7]   2718.763   280.751  2204.792  2522.968  2705.577  2895.939  3311.872 1.002  1800
N.est[29,7]   1583.954   166.633  1295.517  1468.410  1572.142  1687.747  1947.517 1.009   190
N.est[30,7]   2630.797   272.320  2138.355  2442.865  2617.984  2806.418  3203.633 1.001  3100
N.est[31,7]   2636.224   277.670  2131.234  2445.228  2621.055  2811.047  3223.617 1.001 10000
N.est[32,7]   2706.449   687.114  1596.847  2222.591  2628.957  3102.756  4271.216 1.001  5400
N.est[33,7]   2629.154   276.733  2125.924  2438.525  2614.767  2805.565  3205.920 1.001  6400
N.est[34,7]   2749.872   287.004  2225.947  2552.042  2734.573  2937.807  3350.510 1.006   300
N.est[35,7]   1142.043   128.897   921.187  1053.283  1131.643  1218.344  1424.731 1.018    97
N.est[36,7]   2624.824   272.161  2123.794  2435.965  2616.459  2798.298  3187.608 1.003   660
N.est[37,7]   2845.409   306.557  2281.812  2633.295  2833.405  3041.222  3492.667 1.001  4400
N.est[38,7]   2978.895   331.212  2371.578  2748.270  2963.593  3189.570  3685.253 1.001  4200
N.est[1,8]    1202.308   553.486   452.794   809.985  1093.190  1475.910  2565.075 1.001 10000
N.est[2,8]    1243.547   653.865   416.206   782.791  1096.658  1547.462  2935.107 1.001 10000
N.est[3,8]    1274.962   694.583   407.034   786.927  1120.081  1586.739  3041.593 1.001 10000
N.est[4,8]    1295.421   713.677   407.278   797.746  1142.758  1607.576  3161.937 1.001 10000
N.est[5,8]    1295.110   675.016   443.466   823.298  1146.396  1596.665  2983.767 1.001 10000
N.est[6,8]    1278.074   578.356   502.051   872.524  1164.269  1554.442  2702.763 1.001 10000
N.est[7,8]    1243.258   423.900   617.088   943.732  1174.696  1474.958  2257.865 1.001 10000
N.est[8,8]    1206.230   129.853   971.498  1117.773  1199.711  1288.098  1484.970 1.002  1400
N.est[9,8]    2109.691   220.383  1702.915  1957.225  2099.634  2249.132  2577.588 1.002  1300
N.est[10,8]   2714.879   692.155  1611.555  2223.500  2624.395  3116.533  4290.985 1.002  8100
N.est[11,8]   3346.201   349.206  2716.311  3109.160  3326.723  3568.607  4081.184 1.001 10000
N.est[12,8]   3545.275   374.590  2873.300  3285.675  3523.961  3782.433  4345.398 1.001 10000
N.est[13,8]   3657.743   932.991  2175.196  2994.734  3549.475  4188.236  5850.261 1.001 10000
N.est[14,8]   3580.219   376.266  2898.500  3316.116  3558.201  3819.685  4387.664 1.001  9000
N.est[15,8]   3512.956   361.141  2838.679  3259.846  3498.435  3749.060  4253.041 1.003   610
N.est[16,8]   2252.722   232.816  1830.722  2092.614  2240.599  2402.406  2743.871 1.001  2900
N.est[17,8]   2286.333   235.624  1866.683  2123.642  2271.961  2433.577  2791.245 1.001 10000
N.est[18,8]   2415.947   248.018  1968.962  2244.220  2401.525  2577.665  2942.579 1.002  1600
N.est[19,8]   2672.168   276.717  2173.948  2480.972  2658.286  2844.973  3253.350 1.001 10000
N.est[20,8]   2888.647   293.116  2354.501  2688.273  2871.591  3071.123  3509.156 1.001  3400
N.est[21,8]   3024.016   312.499  2451.647  2806.487  3008.043  3220.684  3683.988 1.001 10000
N.est[22,8]   2843.021   295.680  2313.749  2638.945  2827.404  3031.373  3468.014 1.001  9200
N.est[23,8]   2708.012   279.528  2205.357  2515.896  2694.694  2884.564  3303.755 1.001  3600
N.est[24,8]   3327.532   345.413  2688.982  3096.124  3309.383  3543.126  4048.159 1.002  2400
N.est[25,8]   2770.982   285.991  2251.923  2574.577  2758.094  2953.121  3369.165 1.001  2900
N.est[26,8]   2132.029   218.767  1734.387  1981.599  2118.441  2272.320  2594.600 1.001 10000
N.est[27,8]   2376.874   245.676  1933.071  2205.291  2360.319  2536.123  2897.046 1.002   970
N.est[28,8]   1895.515   195.508  1543.944  1758.638  1887.000  2020.023  2319.718 1.002  2000
N.est[29,8]   2096.536   214.938  1706.610  1947.209  2086.913  2232.141  2541.177 1.001 10000
N.est[30,8]   3032.545   314.081  2462.628  2815.834  3018.367  3232.600  3683.927 1.003   760
N.est[31,8]   2662.995   274.380  2166.243  2474.398  2645.190  2837.989  3236.304 1.001 10000
N.est[32,8]   3129.121   324.904  2532.873  2903.086  3110.081  3339.324  3806.010 1.002  1100
N.est[33,8]   3132.530   324.844  2537.036  2908.698  3115.379  3340.999  3798.078 1.001 10000
N.est[34,8]   3289.161   334.942  2679.423  3054.614  3270.105  3508.889  3983.895 1.002  2300
N.est[35,8]   3032.090   309.633  2466.122  2816.581  3020.762  3228.677  3682.051 1.001 10000
N.est[36,8]   2525.281   260.768  2059.551  2343.881  2510.639  2690.210  3080.517 1.003   900
N.est[37,8]   2653.640   284.860  2140.233  2456.165  2638.558  2833.459  3256.473 1.001 10000
N.est[38,8]   2720.745   302.817  2178.366  2510.199  2703.346  2911.492  3371.103 1.001 10000
N.est[1,9]     845.703   392.769   316.660   570.730   767.387  1032.901  1811.396 1.001 10000
N.est[2,9]     870.694   467.509   290.280   550.087   767.498  1065.105  2089.100 1.001 10000
N.est[3,9]     886.141   494.621   280.018   546.466   771.615  1104.428  2138.503 1.001 10000
N.est[4,9]     887.397   490.982   286.023   547.786   777.642  1096.628  2128.826 1.001  9200
N.est[5,9]     875.176   459.841   303.165   556.496   770.849  1073.761  2070.586 1.001  7700
N.est[6,9]     857.532   392.389   335.477   583.229   774.152  1041.518  1839.873 1.001  6100
N.est[7,9]     827.110   287.040   406.630   623.056   783.296   975.432  1526.506 1.001 10000
N.est[8,9]     788.587    84.366   635.414   729.551   784.246   842.657   967.226 1.003  1300
N.est[9,9]    1341.199   140.515  1084.212  1244.521  1334.751  1430.900  1633.396 1.001 10000
N.est[10,9]   1811.550   454.079  1078.361  1486.148  1757.692  2082.756  2840.797 1.001  7300
N.est[11,9]   2320.826   247.001  1869.813  2152.521  2307.552  2479.829  2831.188 1.002  1800
N.est[12,9]   1998.510   212.926  1617.587  1848.008  1984.757  2131.234  2454.912 1.001  2900
N.est[13,9]   2270.983   587.357  1337.478  1849.920  2197.482  2619.670  3603.252 1.002  3000
N.est[14,9]   2426.142   255.626  1968.748  2244.079  2412.748  2592.153  2953.286 1.001 10000
N.est[15,9]   2649.445   272.557  2155.812  2457.544  2635.358  2824.579  3224.059 1.001  4700
N.est[16,9]   2780.012   283.710  2272.678  2585.954  2764.379  2960.068  3386.176 1.001  6400
N.est[17,9]   3230.736   334.984  2606.276  2999.852  3218.231  3445.685  3940.191 1.002  2300
N.est[18,9]   2625.236   268.955  2136.599  2439.659  2611.628  2797.645  3189.054 1.001 10000
N.est[19,9]   1943.264   200.765  1584.881  1802.766  1930.510  2069.616  2366.894 1.001 10000
N.est[20,9]   1613.667   167.016  1310.997  1500.094  1604.768  1718.208  1966.986 1.001 10000
N.est[21,9]   1700.052   176.819  1378.806  1578.273  1690.303  1813.285  2071.610 1.001  4600
N.est[22,9]   1441.614   150.125  1174.534  1335.832  1431.081  1535.697  1762.413 1.003   620
N.est[23,9]   2168.865   227.044  1750.229  2011.901  2157.796  2314.077  2649.575 1.002  2100
N.est[24,9]   2174.679   222.499  1773.687  2020.078  2166.269  2317.537  2643.036 1.002  1000
N.est[25,9]   2007.916   207.936  1625.735  1863.692  2000.207  2140.459  2438.875 1.002  1600
N.est[26,9]    952.017    98.764   774.189   883.020   945.658  1014.650  1163.103 1.005   340
N.est[27,9]   1030.416   106.438   837.083   957.545  1025.536  1099.561  1253.175 1.003   860
N.est[28,9]    713.087    72.647   580.529   662.510   709.793   759.415   866.349 1.001 10000
N.est[29,9]    455.247    47.967   369.115   421.845   452.235   485.350   556.113 1.005   380
N.est[30,9]    592.149    61.550   480.986   549.978   589.086   631.322   719.446 1.001 10000
N.est[31,9]    618.972    62.692   504.541   575.598   615.682   659.364   753.289 1.001  4500
N.est[32,9]    653.364    66.928   530.418   608.383   649.294   695.629   795.643 1.001 10000
N.est[33,9]    583.278    60.468   474.734   541.302   580.860   621.770   711.307 1.001 10000
N.est[34,9]    561.720    57.331   456.800   521.783   559.167   598.968   680.291 1.001 10000
N.est[35,9]    607.983    62.803   491.260   564.500   605.463   648.035   739.076 1.001  4800
N.est[36,9]    654.110    67.248   532.264   607.590   651.270   697.865   791.925 1.002  1300
N.est[37,9]    504.460    54.188   406.927   467.136   501.483   538.272   620.225 1.006   290
N.est[38,9]    498.758    55.503   398.160   460.615   495.310   533.326   617.778 1.006   300
N.est[1,10]    415.434   195.492   155.492   277.626   376.220   512.209   895.217 1.001  8400
N.est[2,10]    431.152   226.098   143.956   272.291   382.313   533.957  1004.766 1.001  6500
N.est[3,10]    439.203   242.256   134.540   269.126   387.520   544.687  1048.748 1.001 10000
N.est[4,10]    444.207   245.712   142.001   274.453   387.241   555.623  1053.701 1.001 10000
N.est[5,10]    441.179   225.553   150.183   284.207   394.579   545.901  1006.488 1.001 10000
N.est[6,10]    437.128   197.355   172.063   298.367   400.094   531.482   927.391 1.001 10000
N.est[7,10]    426.751   144.892   211.296   321.950   405.118   506.803   771.423 1.001  5300
N.est[8,10]    411.579    44.478   331.003   381.071   409.128   439.718   505.550 1.005   390
N.est[9,10]    657.010    69.383   529.344   609.903   653.250   700.761   804.875 1.001  7800
N.est[10,10]   788.705   230.574   430.015   623.283   758.036   918.091  1321.068 1.002  2400
N.est[11,10]   917.560   267.915   500.157   726.546   880.518  1067.918  1545.033 1.001 10000
N.est[12,10]  1016.897   110.319   815.317   941.139  1011.367  1086.167  1246.878 1.001  5500
N.est[13,10]   868.645   220.081   518.410   713.575   838.722   997.022  1369.851 1.001  5000
N.est[14,10]   708.094    75.148   571.495   655.149   704.962   756.442   864.777 1.001  5600
N.est[15,10]   707.377    73.422   574.668   656.957   703.348   754.041   863.169 1.001 10000
N.est[16,10]   665.085    68.442   539.505   617.765   661.799   708.795   808.259 1.002  1400
N.est[17,10]   482.175    49.846   391.646   447.843   479.912   513.822   587.341 1.001  3400
N.est[18,10]   398.069    40.899   323.635   370.075   395.919   423.133   485.333 1.002  1400
N.est[19,10]   431.062    44.035   350.901   400.481   428.868   458.946   523.389 1.001  8200
N.est[20,10]   448.342    46.317   365.059   416.074   445.884   477.929   546.949 1.001 10000
N.est[21,10]   483.571    50.086   391.064   449.460   481.537   514.979   589.777 1.001  3600
N.est[22,10]   391.774    40.904   319.160   363.256   389.724   417.272   480.252 1.001 10000
N.est[23,10]   507.964    52.583   411.874   471.503   505.049   541.429   617.809 1.001 10000
N.est[24,10]   513.456    52.699   417.749   476.639   511.974   546.301   625.017 1.001 10000
N.est[25,10]   543.961    55.951   441.687   505.506   540.895   579.498   662.611 1.001 10000
N.est[26,10]   654.325    67.040   529.555   607.688   650.963   698.134   792.531 1.001 10000
N.est[27,10]   618.208    64.736   500.657   572.951   614.879   660.281   753.156 1.002  2000
N.est[28,10]   618.669   158.187   371.017   505.559   597.763   709.410   988.248 1.001 10000
N.est[29,10]   579.859    60.602   471.010   538.047   576.667   617.780   707.661 1.002  1900
N.est[30,10]   648.128    67.045   527.993   601.868   643.605   690.350   789.920 1.001 10000
N.est[31,10]   827.246    85.346   673.351   767.771   822.553   881.785  1006.532 1.001  7200
N.est[32,10]   847.409    86.430   689.393   788.809   844.101   902.391  1028.082 1.001  5100
N.est[33,10]   779.359    80.190   634.309   724.304   775.680   831.660   947.056 1.001 10000
N.est[34,10]   762.497    78.177   621.480   708.792   758.910   811.853   926.345 1.001  4900
N.est[35,10]   848.751    88.012   687.170   788.058   844.952   905.558  1033.969 1.002  1400
N.est[36,10]   899.001    93.885   730.178   833.452   893.509   957.892  1098.700 1.001 10000
N.est[37,10]  1080.876   116.436   870.354   999.515  1076.013  1155.256  1325.139 1.001  4100
N.est[38,10]  1113.361   124.203   887.898  1026.792  1106.622  1192.322  1375.881 1.001  3600
N.est[1,11]    343.300   161.412   130.113   230.096   309.654   422.250   738.623 1.001  7400
N.est[2,11]    353.685   185.289   117.055   222.706   315.772   440.230   814.351 1.001 10000
N.est[3,11]    361.128   196.975   114.456   223.517   319.253   448.623   867.042 1.001 10000
N.est[4,11]    366.793   203.187   116.111   227.402   321.925   454.819   875.271 1.001 10000
N.est[5,11]    367.235   192.328   124.583   234.801   327.388   452.597   850.610 1.001 10000
N.est[6,11]    364.397   166.335   141.613   247.461   330.152   444.081   777.822 1.002 10000
N.est[7,11]    353.391   121.136   173.478   267.007   334.227   419.104   641.649 1.002 10000
N.est[8,11]    340.606    36.692   274.383   315.371   338.290   364.110   416.871 1.001  3800
N.est[9,11]    472.049    48.593   383.937   438.683   469.612   502.272   574.129 1.001 10000
N.est[10,11]   876.455    91.515   708.491   811.616   873.232   936.668  1064.411 1.005   370
N.est[11,11]   813.234   205.319   487.942   667.283   785.184   932.280  1278.603 1.001  6900
N.est[12,11]   713.177    75.611   575.077   661.208   709.287   761.017   872.583 1.001  5700
N.est[13,11]   712.693   181.618   422.884   582.590   690.027   820.068  1128.311 1.001 10000
N.est[14,11]   678.636    71.407   550.590   628.912   674.009   723.859   828.883 1.002  2100
N.est[15,11]   723.843    73.921   588.052   672.330   720.316   771.726   877.538 1.002  1500
N.est[16,11]   532.079    55.198   433.090   494.095   528.877   566.444   648.476 1.002  1100
N.est[17,11]   594.037    61.285   482.726   552.169   590.658   633.005   724.781 1.002  2200
N.est[18,11]   510.268    52.735   414.050   473.845   507.251   544.071   621.254 1.001 10000
N.est[19,11]   510.246    52.572   416.594   473.214   507.931   543.178   621.211 1.001 10000
N.est[20,11]   472.020    48.152   384.495   438.488   469.267   503.188   572.769 1.001 10000
N.est[21,11]   467.838    48.038   380.027   434.738   465.040   498.302   569.673 1.001 10000
N.est[22,11]   370.187    37.982   302.318   343.663   368.179   394.063   450.274 1.001 10000
N.est[23,11]   368.790    38.357   299.710   342.145   366.515   393.323   448.382 1.001 10000
N.est[24,11]   402.326    42.074   326.513   373.218   400.023   429.039   491.942 1.001  9200
N.est[25,11]   382.796    39.522   312.530   355.391   380.735   407.451   466.993 1.001 10000
N.est[26,11]   442.425    45.738   358.543   410.738   440.345   471.670   537.977 1.001 10000
N.est[27,11]   459.499    47.373   373.303   426.250   457.340   489.638   558.800 1.002  2400
N.est[28,11]   374.150    38.600   305.617   347.364   372.409   398.148   455.198 1.002  1000
N.est[29,11]   454.265    46.680   370.100   422.170   451.787   483.657   552.847 1.001  3500
N.est[30,11]   485.116    50.288   393.995   450.263   482.163   517.200   590.997 1.001  2700
N.est[31,11]   604.827    62.425   491.705   560.729   602.200   644.278   735.047 1.001  7600
N.est[32,11]   599.810    61.388   486.950   557.291   597.075   639.372   728.897 1.001 10000
N.est[33,11]   624.655    64.241   507.786   581.015   621.618   665.683   758.920 1.002  2200
N.est[34,11]   631.487    65.317   514.085   586.212   628.026   673.601   768.165 1.001 10000
N.est[35,11]   732.427    75.939   593.607   680.028   728.825   781.350   892.039 1.001 10000
N.est[36,11]   874.959    89.867   711.741   813.122   870.640   933.234  1065.456 1.001 10000
N.est[37,11]  1174.254   125.685   939.013  1087.035  1169.899  1255.748  1436.169 1.002  2100
N.est[38,11]  1218.759   135.246   966.613  1123.540  1213.095  1305.442  1501.090 1.002  2500
Ntot[1]      52958.655  3303.727 46731.771 50725.628 52865.185 55122.050 59632.079 1.001 10000
Ntot[2]      53488.479  8989.859 39012.814 47140.816 52367.339 58654.905 73761.517 1.001  6500
Ntot[3]      53952.880 12304.726 34504.390 45263.581 52274.243 60845.532 83018.286 1.001 10000
Ntot[4]      54047.010 13768.774 32925.753 44370.870 52092.895 61538.712 86890.548 1.001 10000
Ntot[5]      53528.322 13760.198 31953.837 43913.146 51897.292 60972.778 85189.032 1.001 10000
Ntot[6]      52208.599 11722.826 33675.089 43891.880 50718.285 58714.992 79422.039 1.002 10000
Ntot[7]      50268.581  7681.933 37728.378 44899.606 49425.237 54624.296 68274.619 1.003 10000
Ntot[8]      49182.492  7566.654 37104.000 43822.119 48363.906 53460.727 66455.229 1.001  9200
Ntot[9]      48878.552 10674.144 32687.587 41341.502 47232.851 54611.385 74337.013 1.001 10000
Ntot[10]     50678.447 11961.822 33313.239 42451.138 48715.935 56571.561 79237.181 1.001 10000
Ntot[11]     51916.318 11644.702 35775.263 43808.823 49860.960 57425.623 80525.144 1.001 10000
Ntot[12]     50885.562 11225.215 35913.534 43317.169 48600.783 56009.513 78453.811 1.001 10000
Ntot[13]     49151.666  9402.490 35856.117 42468.595 47409.762 53964.460 71957.632 1.001 10000
Ntot[14]     48127.561  7047.447 37345.053 43233.966 47089.475 51964.548 64631.221 1.001 10000
Ntot[15]     42286.514  2393.587 37860.306 40635.993 42174.035 43801.315 47247.971 1.001 10000
Ntot[16]     45541.270  6706.268 35261.521 40820.246 44577.676 49249.470 61256.457 1.001 10000
Ntot[17]     45859.926  8045.126 34507.821 40244.925 44465.306 49831.228 65690.959 1.001 10000
Ntot[18]     43086.237  8260.903 31720.486 37337.832 41643.411 47089.227 63512.876 1.001  6400
Ntot[19]     40097.845  7151.209 29904.654 35129.525 38921.838 43676.869 57334.596 1.001 10000
Ntot[20]     41116.852  5369.014 32746.344 37328.228 40405.801 44107.487 53816.025 1.001 10000
Ntot[21]     46423.833  2278.800 42206.241 44868.378 46331.879 47900.364 51073.725 1.001  5500
Ntot[22]     50426.358  2501.470 45856.736 48719.651 50334.567 52072.220 55609.454 1.001  5400
Ntot[23]     57871.267  2933.914 52313.472 55892.777 57801.028 59805.782 63815.418 1.003   610
Ntot[24]     54409.571  4097.658 47289.429 51497.593 54117.775 56978.350 63125.568 1.001  5400
Ntot[25]     46522.435  2512.534 41832.146 44781.360 46426.559 48122.549 51767.459 1.001  2700
Ntot[26]     51701.554  2839.965 46426.840 49733.153 51617.222 53537.390 57584.478 1.002  1500
Ntot[27]     44822.736  2461.224 40235.064 43119.296 44724.979 46399.234 49943.147 1.001  7200
Ntot[28]     36770.648  1776.506 33460.007 35535.665 36715.303 37926.965 40408.254 1.002  2100
Ntot[29]     29752.041  1442.545 27099.546 28744.466 29710.749 30685.013 32712.784 1.001  9100
Ntot[30]     27784.009  1168.929 25588.569 26984.672 27769.262 28553.903 30165.567 1.001 10000
Ntot[31]     24603.173  1046.111 22627.592 23898.606 24560.711 25278.833 26746.625 1.002  1700
Ntot[32]     25976.789  2243.839 22169.054 24389.886 25777.526 27326.124 30989.906 1.003  1000
Ntot[33]     24633.896  1085.552 22574.262 23885.045 24596.488 25343.354 26822.275 1.001  2700
Ntot[34]     23181.859   921.034 21436.737 22544.659 23150.242 23801.378 25034.405 1.002  1400
Ntot[35]     21898.651   949.059 20106.199 21256.654 21863.431 22491.760 23868.797 1.001 10000
Ntot[36]     23453.438  1032.590 21480.237 22752.152 23431.078 24132.225 25565.315 1.001  8400
Ntot[37]     24058.647  1034.345 22120.728 23352.278 24011.991 24737.765 26171.953 1.001 10000
Ntot[38]     25044.741  1086.470 22994.936 24299.910 25005.906 25753.216 27250.753 1.001 10000
logNtot[1]      10.875     0.062    10.752    10.834    10.876    10.917    10.996 1.001 10000
logNtot[2]      10.874     0.163    10.572    10.761    10.866    10.979    11.209 1.001  6200
logNtot[3]      10.871     0.222    10.449    10.720    10.864    11.016    11.327 1.001 10000
logNtot[4]      10.867     0.246    10.402    10.700    10.861    11.027    11.372 1.001 10000
logNtot[5]      10.857     0.249    10.372    10.690    10.857    11.018    11.353 1.001 10000
logNtot[6]      10.839     0.218    10.425    10.689    10.834    10.980    11.283 1.002 10000
logNtot[7]      10.814     0.149    10.538    10.712    10.808    10.908    11.131 1.002 10000
logNtot[8]      10.792     0.149    10.521    10.688    10.787    10.887    11.104 1.001  9700
logNtot[9]      10.775     0.208    10.395    10.630    10.763    10.908    11.216 1.001 10000
logNtot[10]     10.808     0.220    10.414    10.656    10.794    10.943    11.280 1.001 10000
logNtot[11]     10.835     0.208    10.485    10.688    10.817    10.958    11.296 1.001 10000
logNtot[12]     10.816     0.201    10.489    10.676    10.791    10.933    11.270 1.001 10000
logNtot[13]     10.786     0.179    10.487    10.657    10.767    10.896    11.184 1.001 10000
logNtot[14]     10.772     0.140    10.528    10.674    10.760    10.858    11.076 1.001 10000
logNtot[15]     10.651     0.056    10.542    10.612    10.650    10.687    10.763 1.001 10000
logNtot[16]     10.716     0.141    10.471    10.617    10.705    10.805    11.023 1.001 10000
logNtot[17]     10.719     0.165    10.449    10.603    10.702    10.816    11.093 1.001 10000
logNtot[18]     10.655     0.177    10.365    10.528    10.637    10.760    11.059 1.001  6000
logNtot[19]     10.585     0.167    10.306    10.467    10.569    10.685    10.957 1.001 10000
logNtot[20]     10.616     0.126    10.397    10.528    10.607    10.694    10.893 1.001 10000
logNtot[21]     10.744     0.049    10.650    10.711    10.744    10.777    10.841 1.001  5500
logNtot[22]     10.827     0.050    10.733    10.794    10.826    10.860    10.926 1.001  5300
logNtot[23]     10.965     0.051    10.865    10.931    10.965    10.999    11.064 1.003   610
logNtot[24]     10.901     0.075    10.764    10.849    10.899    10.950    11.053 1.001  5400
logNtot[25]     10.746     0.054    10.641    10.710    10.746    10.782    10.855 1.001  2800
logNtot[26]     10.852     0.055    10.746    10.814    10.852    10.888    10.961 1.002  1500
logNtot[27]     10.709     0.055    10.602    10.672    10.708    10.745    10.819 1.001  7100
logNtot[28]     10.511     0.048    10.418    10.478    10.511    10.543    10.607 1.002  2100
logNtot[29]     10.299     0.048    10.207    10.266    10.299    10.332    10.396 1.001  9100
logNtot[30]     10.231     0.042    10.150    10.203    10.232    10.260    10.314 1.001 10000
logNtot[31]     10.110     0.042    10.027    10.082    10.109    10.138    10.194 1.002  1700
logNtot[32]     10.161     0.085    10.006    10.102    10.157    10.216    10.341 1.002  1000
logNtot[33]     10.111     0.044    10.025    10.081    10.110    10.140    10.197 1.001  2700
logNtot[34]     10.050     0.040     9.973    10.023    10.050    10.077    10.128 1.002  1400
logNtot[35]      9.993     0.043     9.909     9.964     9.993    10.021    10.080 1.001 10000
logNtot[36]     10.062     0.044     9.975    10.032    10.062    10.091    10.149 1.001  8300
logNtot[37]     10.087     0.043    10.004    10.058    10.086    10.116    10.172 1.001 10000
logNtot[38]     10.127     0.043    10.043    10.098    10.127    10.156    10.213 1.001 10000
mean.r[1]        0.007     0.057    -0.102    -0.031     0.007     0.046     0.120 1.004   480
mean.r[2]        0.199     0.058     0.086     0.159     0.197     0.238     0.311 1.003  2300
mean.r[3]        0.237     0.059     0.122     0.197     0.237     0.277     0.353 1.002  1200
mean.r[4]        0.283     0.057     0.173     0.245     0.283     0.322     0.398 1.004   530
mean.r[5]       -0.025     0.057    -0.137    -0.063    -0.024     0.014     0.086 1.005   540
mean.r[6]        0.040     0.057    -0.070     0.001     0.040     0.078     0.152 1.005   350
mean.r[7]        0.103     0.058    -0.010     0.063     0.103     0.143     0.216 1.004   560
mean.r[8]        0.081     0.058    -0.033     0.042     0.082     0.121     0.194 1.006   270
mean.r[9]        0.045     0.058    -0.069     0.007     0.045     0.084     0.164 1.005   380
mean.r[10]       0.087     0.057    -0.025     0.048     0.086     0.125     0.199 1.004   470
mean.r[11]       0.094     0.058    -0.019     0.055     0.093     0.133     0.207 1.004   580
r.proj[1]       -0.049     0.004    -0.058    -0.052    -0.049    -0.046    -0.040 1.001 10000
r.proj[2]        0.141     0.012     0.117     0.133     0.141     0.149     0.164 1.002  2300
r.proj[3]        0.180     0.013     0.155     0.171     0.180     0.189     0.204 1.001  4400
r.proj[4]        0.226     0.011     0.203     0.218     0.226     0.234     0.248 1.001  4900
r.proj[5]       -0.083     0.005    -0.092    -0.086    -0.083    -0.080    -0.074 1.001 10000
r.proj[6]       -0.017     0.004    -0.025    -0.020    -0.017    -0.014    -0.008 1.001 10000
r.proj[7]        0.045     0.010     0.025     0.038     0.046     0.053     0.066 1.001 10000
r.proj[8]        0.025     0.013    -0.001     0.016     0.024     0.033     0.050 1.001 10000
r.proj[9]       -0.012     0.013    -0.037    -0.020    -0.012    -0.003     0.014 1.001 10000
r.proj[10]       0.029     0.013     0.004     0.020     0.029     0.038     0.055 1.001  5300
r.proj[11]       0.037     0.013     0.012     0.028     0.037     0.045     0.062 1.001 10000
r.tot[2]        -0.002     0.158    -0.297    -0.113    -0.007     0.103     0.320 1.001  7400
r.tot[3]        -0.003     0.181    -0.355    -0.124    -0.003     0.121     0.351 1.001  8400
r.tot[4]        -0.004     0.181    -0.359    -0.123    -0.004     0.114     0.353 1.001 10000
r.tot[5]        -0.010     0.181    -0.374    -0.131    -0.011     0.112     0.346 1.002 10000
r.tot[6]        -0.018     0.182    -0.378    -0.137    -0.016     0.104     0.334 1.001 10000
r.tot[7]        -0.025     0.181    -0.391    -0.142    -0.021     0.098     0.321 1.001  6600
r.tot[8]        -0.022     0.186    -0.386    -0.145    -0.023     0.098     0.353 1.002  6600
r.tot[9]        -0.017     0.172    -0.342    -0.134    -0.022     0.099     0.330 1.001 10000
r.tot[10]        0.033     0.165    -0.292    -0.075     0.031     0.140     0.364 1.001 10000
r.tot[11]        0.027     0.158    -0.288    -0.077     0.027     0.130     0.337 1.001 10000
r.tot[12]       -0.019     0.154    -0.324    -0.120    -0.017     0.080     0.284 1.001  8600
r.tot[13]       -0.030     0.144    -0.324    -0.120    -0.027     0.062     0.246 1.001 10000
r.tot[14]       -0.014     0.138    -0.305    -0.100    -0.008     0.079     0.243 1.001  7200
r.tot[15]       -0.121     0.136    -0.415    -0.206    -0.113    -0.024     0.118 1.001 10000
r.tot[16]        0.066     0.137    -0.177    -0.031     0.058     0.151     0.365 1.001 10000
r.tot[17]        0.003     0.134    -0.252    -0.087     0.001     0.087     0.281 1.001 10000
r.tot[18]       -0.065     0.135    -0.329    -0.150    -0.067     0.019     0.209 1.002  1800
r.tot[19]       -0.070     0.135    -0.344    -0.155    -0.068     0.017     0.194 1.001  3500
r.tot[20]        0.031     0.133    -0.246    -0.052     0.037     0.121     0.279 1.002 10000
r.tot[21]        0.128     0.127    -0.141     0.049     0.136     0.217     0.356 1.001 10000
r.tot[22]        0.083     0.067    -0.049     0.037     0.082     0.127     0.216 1.001 10000
r.tot[23]        0.138     0.067     0.006     0.093     0.137     0.183     0.268 1.002  2400
r.tot[24]       -0.063     0.083    -0.220    -0.120    -0.065    -0.009     0.105 1.001  6400
r.tot[25]       -0.155     0.086    -0.326    -0.213    -0.155    -0.097     0.011 1.002  1800
r.tot[26]        0.105     0.074    -0.039     0.056     0.106     0.154     0.251 1.003   930
r.tot[27]       -0.143     0.073    -0.285    -0.193    -0.143    -0.094     0.002 1.001  9400
r.tot[28]       -0.198     0.069    -0.336    -0.244    -0.196    -0.152    -0.063 1.001 10000
r.tot[29]       -0.212     0.065    -0.339    -0.256    -0.212    -0.168    -0.086 1.002  1700
r.tot[30]       -0.068     0.061    -0.192    -0.109    -0.068    -0.027     0.052 1.001  5400
r.tot[31]       -0.122     0.057    -0.234    -0.159    -0.122    -0.084    -0.009 1.002  1800
r.tot[32]        0.052     0.088    -0.113    -0.009     0.048     0.109     0.236 1.004   560
r.tot[33]       -0.050     0.088    -0.229    -0.107    -0.047     0.010     0.111 1.002  2300
r.tot[34]       -0.061     0.056    -0.171    -0.098    -0.061    -0.022     0.049 1.001 10000
r.tot[35]       -0.057     0.056    -0.166    -0.095    -0.058    -0.020     0.054 1.002  1700
r.tot[36]        0.069     0.059    -0.046     0.029     0.069     0.108     0.181 1.001  5500
r.tot[37]        0.026     0.058    -0.089    -0.013     0.025     0.064     0.143 1.001 10000
r.tot[38]        0.040     0.004     0.032     0.037     0.040     0.043     0.049 1.001  4300
sigma            0.338     0.018     0.293     0.328     0.340     0.350     0.370 1.495     6
deviance      -463.994    57.045  -544.127  -504.365  -475.091  -436.317  -319.770 1.053    53

For each parameter, n.eff is a crude measure of effective sample size,
and Rhat is the potential scale reduction factor (at convergence, Rhat=1).

DIC info (using the rule, pD = var(deviance)/2)
pD = 1596.2 and DIC = 1132.2
DIC is an estimate of expected predictive error (lower deviance is better).
