-----------------------------------------------------

><> Run  Yellowspot_skate completed in 0 min and 14 sec <><
-----------------------------------------------------

><>><>><>><>><>><>><>><>><>><>><>><>><>><>
><> Input Yellowspot_skate relative <><
><>><>><>><>><>><>><>><>><>><>><>><>><>><>

$assessment
[1] Yellowspot_skate
10 Levels: Afr_penguin BSH_SAtl Cape_gannet Chin_penguin Mountain_zebra ... Yellowspot_skate

$abundance
[1] relative
Levels: census relative

$generation.time
[1] 9.8

$K.penalty
[1] FALSE

$sigma.obs.est
[1] TRUE

$sigma.obs.add
[1] 0.1

$sigma.proc.fixed
[1] FALSE

$prjr.type
[1] all
Levels: all

$proj.stoch
[1] FALSE

$start.year
[1] 1991

$end.year
[1] 2017


><>><>><>><>><>><>><>><>><>><>><>><>><>><>
><> Parameter Estimates Yellowspot_skate relative <><
><>><>><>><>><>><>><>><>><>><>><>><>><>><>

       Median    LCI   UCI Geweke.p Heidelberger.p
mean.r -0.010 -0.058 0.091    0.947          0.649
sigma   0.126  0.024 0.359    0.668          0.342

><>><>><>><>><>><>><>><>><>><>><>><>><>><>
><> JAGS output Yellowspot_skate relative <><
><>><>><>><>><>><>><>><>><>><>><>><>><>><>

Inference for Bugs model at "C:/Work/Research/Github/JARA//Yellowspot_skate/output1/jara.jags", fit using jags,
 2 chains, each with 12000 iterations (first 1000 discarded), n.thin = 2
 n.sims = 11000 iterations saved
           mu.vect  sd.vect     2.5%      25%      50%      75%     97.5%  Rhat
Ntot[1]   7266.194 1140.359 5167.468 6498.079 7199.447 7985.309  9703.811 1.001
Ntot[2]   7148.878  970.791 5349.327 6484.744 7104.473 7762.808  9181.553 1.003
Ntot[3]   7138.225  885.135 5532.724 6530.753 7107.567 7702.301  8975.128 1.002
Ntot[4]   7063.803  884.044 5392.876 6477.272 7038.625 7628.782  8877.967 1.004
Ntot[5]   7712.249 1011.744 6047.605 7019.442 7587.972 8273.961 10080.398 1.004
Ntot[6]   7388.377  903.361 5791.584 6774.904 7319.851 7912.783  9412.103 1.001
Ntot[7]   7174.257  910.635 5469.303 6579.962 7132.252 7711.199  9143.572 1.002
Ntot[8]   7166.376 1186.054 5003.885 6442.257 7072.206 7782.360  9848.706 1.004
Ntot[9]   7031.880 1008.718 5222.307 6373.817 6968.580 7612.030  9205.017 1.001
Ntot[10]  7297.419 1345.233 4991.827 6424.205 7149.998 7978.754 10422.971 1.001
Ntot[11]  7661.007 1497.726 5380.794 6637.932 7429.266 8422.295 11317.751 1.001
Ntot[12]  7819.551 1705.921 5400.358 6679.326 7514.644 8627.196 12039.599 1.004
Ntot[13]  7947.737 1472.893 5499.842 6883.321 7821.949 8872.526 11149.168 1.012
Ntot[14]  6934.474 1206.995 4907.917 6110.461 6827.124 7625.754  9626.117 1.004
Ntot[15]  6541.623 1156.129 4532.545 5763.988 6445.164 7198.061  9127.076 1.002
Ntot[16]  6360.199  957.118 4673.956 5691.082 6303.024 6955.876  8441.138 1.002
Ntot[17]  6154.253 1086.628 4334.482 5413.377 6047.465 6770.104  8607.622 1.005
Ntot[18]  5280.358  986.255 3473.377 4613.344 5242.695 5889.251  7397.908 1.002
Ntot[19]  5641.910 1094.007 3835.137 4900.337 5522.690 6251.158  8133.112 1.006
Ntot[20]  4893.162  939.692 3259.375 4234.087 4828.641 5465.599  6900.623 1.002
Ntot[21]  4376.825 1096.249 2392.362 3608.476 4344.793 5071.274  6663.246 1.006
Ntot[22]  4654.634 1119.032 2637.504 3883.031 4602.237 5339.101  7064.982 1.003
Ntot[23]  4935.803 1175.967 2946.071 4131.191 4819.270 5603.147  7619.019 1.001
Ntot[24]  5260.722 1216.508 3315.397 4424.304 5105.598 5923.237  8056.142 1.005
Ntot[25]  4906.408 1098.482 3102.702 4147.186 4782.962 5535.314  7407.835 1.003
Ntot[26]  4658.277 1073.970 2882.725 3922.351 4550.125 5268.330  7145.755 1.002
Ntot[27]  4656.308 1386.506 2501.334 3713.881 4480.970 5363.705  7946.234 1.002
Ntot[28]  4588.408 1426.411 2400.465 3621.518 4395.630 5305.958  8002.885 1.002
Ntot[29]  4522.314 1466.169 2301.817 3528.103 4313.888 5246.473  8049.296 1.002
Ntot[30]  4457.977 1505.758 2205.742 3438.213 4231.055 5194.706  8117.883 1.002
Ntot[31]  4395.350 1545.169 2120.874 3352.002 4155.958 5141.623  8182.602 1.002
Y.est[1]  7266.194 1140.359 5167.468 6498.079 7199.447 7985.309  9703.811 1.001
Y.est[2]  7148.878  970.791 5349.327 6484.744 7104.473 7762.808  9181.553 1.003
Y.est[3]  7138.225  885.135 5532.724 6530.753 7107.567 7702.301  8975.128 1.002
Y.est[4]  7063.803  884.044 5392.876 6477.272 7038.625 7628.782  8877.967 1.004
Y.est[5]  7712.249 1011.744 6047.605 7019.442 7587.972 8273.961 10080.398 1.004
Y.est[6]  7388.377  903.361 5791.584 6774.904 7319.851 7912.783  9412.103 1.001
Y.est[7]  7174.257  910.635 5469.303 6579.962 7132.252 7711.199  9143.572 1.002
Y.est[8]  7166.376 1186.054 5003.885 6442.257 7072.206 7782.360  9848.706 1.004
Y.est[9]  7031.880 1008.718 5222.307 6373.817 6968.580 7612.030  9205.017 1.001
Y.est[10] 7297.419 1345.233 4991.827 6424.205 7149.998 7978.754 10422.971 1.001
Y.est[11] 7661.007 1497.726 5380.794 6637.932 7429.266 8422.295 11317.751 1.001
Y.est[12] 7819.551 1705.921 5400.358 6679.326 7514.644 8627.196 12039.599 1.004
Y.est[13] 7947.737 1472.893 5499.842 6883.321 7821.949 8872.526 11149.168 1.012
Y.est[14] 6934.474 1206.995 4907.917 6110.461 6827.124 7625.754  9626.117 1.004
Y.est[15] 6541.623 1156.129 4532.545 5763.988 6445.164 7198.061  9127.076 1.002
Y.est[16] 6360.199  957.118 4673.956 5691.082 6303.024 6955.876  8441.138 1.002
Y.est[17] 6154.253 1086.628 4334.482 5413.377 6047.465 6770.104  8607.622 1.005
Y.est[18] 5280.358  986.255 3473.377 4613.344 5242.695 5889.251  7397.908 1.002
Y.est[19] 5641.910 1094.007 3835.137 4900.337 5522.690 6251.158  8133.112 1.006
Y.est[20] 4893.162  939.692 3259.375 4234.087 4828.641 5465.599  6900.623 1.002
Y.est[21] 4376.825 1096.249 2392.362 3608.476 4344.793 5071.274  6663.246 1.006
Y.est[22] 4654.634 1119.032 2637.504 3883.031 4602.237 5339.101  7064.982 1.003
Y.est[23] 4935.803 1175.967 2946.071 4131.191 4819.270 5603.147  7619.019 1.001
Y.est[24] 5260.722 1216.508 3315.397 4424.304 5105.598 5923.237  8056.142 1.005
Y.est[25] 4906.408 1098.482 3102.702 4147.186 4782.962 5535.314  7407.835 1.003
Y.est[26] 4658.277 1073.970 2882.725 3922.351 4550.125 5268.330  7145.755 1.002
Y.est[27] 4656.308 1386.506 2501.334 3713.881 4480.970 5363.705  7946.234 1.002
Y.est[28] 4588.408 1426.411 2400.465 3621.518 4395.630 5305.958  8002.885 1.002
Y.est[29] 4522.314 1466.169 2301.817 3528.103 4313.888 5246.473  8049.296 1.002
Y.est[30] 4457.977 1505.758 2205.742 3438.213 4231.055 5194.706  8117.883 1.002
Y.est[31] 4395.350 1545.169 2120.874 3352.002 4155.958 5141.623  8182.602 1.002
mean.r      -0.002    0.037   -0.058   -0.027   -0.010    0.015     0.091 1.063
q[1]         1.001    0.032    0.941    0.979    1.001    1.022     1.068 1.001
q[2]         0.435    0.080    0.300    0.381    0.428    0.481     0.612 1.002
q[3]         0.942    0.223    0.584    0.788    0.916    1.065     1.457 1.002
q[4]         0.455    0.090    0.305    0.394    0.445    0.505     0.660 1.003
r[1]        -0.013    0.131   -0.293   -0.078   -0.014    0.052     0.268 1.011
r[2]         0.000    0.121   -0.248   -0.064   -0.006    0.063     0.270 1.001
r[3]        -0.011    0.120   -0.277   -0.071   -0.011    0.052     0.242 1.006
r[4]         0.087    0.145   -0.124   -0.013    0.054    0.164     0.445 1.012
r[5]        -0.042    0.124   -0.337   -0.100   -0.028    0.027     0.189 1.009
r[6]        -0.030    0.121   -0.301   -0.089   -0.022    0.036     0.211 1.003
r[7]        -0.006    0.143   -0.315   -0.072   -0.009    0.061     0.308 1.004
r[8]        -0.016    0.138   -0.327   -0.078   -0.013    0.051     0.274 1.007
r[9]         0.031    0.148   -0.261   -0.046    0.014    0.103     0.369 1.009
r[10]        0.047    0.148   -0.214   -0.036    0.022    0.116     0.414 1.001
r[11]        0.017    0.141   -0.277   -0.054    0.005    0.083     0.338 1.015
r[12]        0.021    0.145   -0.277   -0.052    0.006    0.088     0.357 1.012
r[13]       -0.134    0.145   -0.487   -0.214   -0.101   -0.032     0.079 1.005
r[14]       -0.059    0.116   -0.320   -0.120   -0.049    0.004     0.176 1.005
r[15]       -0.024    0.130   -0.278   -0.093   -0.031    0.032     0.279 1.006
r[16]       -0.037    0.122   -0.283   -0.102   -0.037    0.022     0.233 1.009
r[17]       -0.156    0.149   -0.512   -0.240   -0.122   -0.045     0.055 1.017
r[18]        0.066    0.161   -0.164   -0.039    0.021    0.142     0.478 1.024
r[19]       -0.143    0.161   -0.553   -0.226   -0.099   -0.031     0.084 1.020
r[20]       -0.126    0.165   -0.555   -0.205   -0.083   -0.017     0.111 1.010
r[21]        0.065    0.159   -0.194   -0.032    0.028    0.138     0.476 1.010
r[22]        0.060    0.158   -0.197   -0.035    0.026    0.135     0.450 1.013
r[23]        0.066    0.162   -0.191   -0.034    0.027    0.141     0.482 1.013
r[24]       -0.069    0.132   -0.385   -0.130   -0.050    0.007     0.165 1.009
r[25]       -0.053    0.128   -0.347   -0.118   -0.041    0.016     0.198 1.006
r[26]       -0.017    0.167   -0.380   -0.092   -0.020    0.056     0.362 1.013
r[27]       -0.018    0.013   -0.044   -0.027   -0.019   -0.010     0.008 1.003
r[28]       -0.018    0.013   -0.044   -0.027   -0.019   -0.010     0.008 1.003
r[29]       -0.018    0.013   -0.044   -0.027   -0.019   -0.010     0.008 1.003
r[30]       -0.018    0.013   -0.044   -0.027   -0.019   -0.010     0.008 1.003
r[31]       -0.018    0.013   -0.044   -0.027   -0.019   -0.010     0.008 1.003
r.proj      -0.018    0.013   -0.044   -0.027   -0.019   -0.010     0.008 1.003
sigma        0.145    0.093    0.024    0.071    0.126    0.201     0.359 1.028
deviance     0.261    9.376  -19.355   -6.237    1.310    7.127    16.249 1.018
          n.eff
Ntot[1]   11000
Ntot[2]     670
Ntot[3]     980
Ntot[4]     490
Ntot[5]     500
Ntot[6]   11000
Ntot[7]   11000
Ntot[8]   11000
Ntot[9]    6500
Ntot[10]  11000
Ntot[11]   5200
Ntot[12]    560
Ntot[13]    130
Ntot[14]    420
Ntot[15]   1300
Ntot[16]   1200
Ntot[17]    350
Ntot[18]   1800
Ntot[19]    340
Ntot[20]   1900
Ntot[21]    290
Ntot[22]    840
Ntot[23]  11000
Ntot[24]    390
Ntot[25]    790
Ntot[26]   2000
Ntot[27]   1200
Ntot[28]   1100
Ntot[29]   1100
Ntot[30]   1100
Ntot[31]   1100
Y.est[1]  11000
Y.est[2]    670
Y.est[3]    980
Y.est[4]    490
Y.est[5]    500
Y.est[6]  11000
Y.est[7]  11000
Y.est[8]  11000
Y.est[9]   6500
Y.est[10] 11000
Y.est[11]  5200
Y.est[12]   560
Y.est[13]   130
Y.est[14]   420
Y.est[15]  1300
Y.est[16]  1200
Y.est[17]   350
Y.est[18]  1800
Y.est[19]   340
Y.est[20]  1900
Y.est[21]   290
Y.est[22]   840
Y.est[23] 11000
Y.est[24]   390
Y.est[25]   790
Y.est[26]  2000
Y.est[27]  1200
Y.est[28]  1100
Y.est[29]  1100
Y.est[30]  1100
Y.est[31]  1100
mean.r       45
q[1]      11000
q[2]       2100
q[3]      11000
q[4]        690
r[1]        820
r[2]       8500
r[3]       4800
r[4]        160
r[5]        560
r[6]      11000
r[7]      11000
r[8]       2900
r[9]       6200
r[10]      3500
r[11]       550
r[12]       370
r[13]       340
r[14]      1200
r[15]     11000
r[16]       600
r[17]       120
r[18]       120
r[19]       120
r[20]       230
r[21]       570
r[22]       310
r[23]       220
r[24]      1400
r[25]      2200
r[26]      2400
r[27]       800
r[28]       800
r[29]       800
r[30]       800
r[31]       800
r.proj      800
sigma        62
deviance     90

For each parameter, n.eff is a crude measure of effective sample size,
and Rhat is the potential scale reduction factor (at convergence, Rhat=1).

DIC info (using the rule, pD = var(deviance)/2)
pD = 43.5 and DIC = 43.7
DIC is an estimate of expected predictive error (lower deviance is better).
